4 35 135 239 35 85 232 / 113 16 197 113 68 186 / 84 61 100 86 37 122 / 172 137 128 172 92 137 / 
4 35 136 233 35 87 232 / 113 4 169 113 72 189 / 83 8 110 84 40 122 / 172 53 140 172 92 140 / 
4 35 113 229 35 94 232 / 113 5 166 113 71 189 / 77 19 107 77 42 128 / 174 40 140 173 90 139 / 
4 35 116 237 35 87 232 / 113 5 200 113 70 189 / 77 5 105 77 46 125 / 174 151 143 174 90 141 / 
4 34 89 230 34 86 230 / 113 15 209 113 70 190 / 77 55 104 78 51 115 / 174 26 138 174 91 141 / 
4 35 58 226 35 78 229 / 112 3 163 113 70 189 / 77 12 102 77 47 123 / 174 27 138 173 91 140 / 
4 34 114 227 34 84 228 / 113 21 193 113 70 188 / 77 4 105 78 44 119 / 174 11 139 174 89 140 / 
4 34 125 235 34 85 227 / 114 18 168 113 69 188 / 78 26 100 80 51 117 / 174 147 139 174 89 141 / 
4 34 82 235 34 92 227 / 114 18 172 114 69 188 / 83 56 108 86 52 108 / 174 6 129 174 75 135 / 
4 34 79 233 34 92 228 / 113 18 163 113 67 188 / 82 17 101 84 47 117 / 177 16 135 172 67 135 / 
4 34 132 235 34 97 229 / 113 18 164 113 68 188 / 80 15 106 83 46 113 / 176 17 144 174 68 136 / 
4 34 94 235 34 91 229 / 114 20 164 113 68 189 / 84 54 96 84 44 113 / 175 9 119 172 53 145 / 
4 33 135 222 33 93 225 / 114 11 184 113 87 197 / 81 13 96 81 38 113 / 173 7 141 170 63 139 / 
4 33 135 221 33 95 226 / 114 165 195 113 96 194 / 81 8 94 81 41 104 / 172 11 133 168 53 142 / 
4 33 85 230 33 89 228 / 113 53 195 112 98 195 / 81 11 95 82 26 124 / 176 14 134 175 82 138 / 
4 33 136 231 33 92 227 / 113 9 208 112 85 199 / 85 35 91 85 33 106 / 174 11 140 172 52 148 / 
4 33 151 232 33 100 228 / 112 173 185 111 81 181 / 81 12 109 84 33 113 / 176 15 141 173 81 145 / 
4 33 151 233 33 106 229 / 114 165 185 113 99 183 / 77 13 91 79 39 106 / 173 12 141 171 59 145 / 
4 33 145 232 32 102 227 / 114 6 198 113 82 197 / 81 15 93 81 45 118 / 172 8 135 171 70 145 / 
4 32 135 230 32 112 228 / 116 94 175 114 83 181 / 77 26 99 79 39 108 / 174 105 134 174 92 137 / 
4 32 141 230 32 104 226 / 114 7 184 113 62 182 / 80 36 102 80 37 108 / 173 8 139 173 81 143 / 
4 33 85 224 32 89 225 / 115 6 181 113 80 187 / 78 14 91 78 31 113 / 173 134 134 173 63 143 / 
4 33 148 222 32 94 225 / 114 29 198 113 72 191 / 80 35 86 80 31 107 / 174 31 127 174 65 144 / 
4 32 82 225 32 104 226 / 115 27 172 114 73 184 / 80 28 86 80 34 99 / 174 13 147 174 78 150 / 
4 32 144 225 32 106 225 / 112 15 178 113 86 187 / 113 7 82 82 38 102 / 175 32 175 174 80 152 / 
4 32 140 226 32 97 224 / 113 12 184 113 94 189 / 81 14 95 81 35 103 / 177 155 150 174 66 151 / 
4 32 125 227 32 96 224 / 113 161 183 113 97 188 / 81 9 90 84 31 115 / 174 4 137 174 63 157 / 
4 33 147 228 33 111 226 / 112 165 234 113 79 184 / 80 12 92 84 48 102 / 176 3 141 175 65 155 / 
4 33 61 224 33 84 224 / 113 11 166 113 68 183 / 81 12 89 85 47 95 / 175 178 163 175 82 151 / 
4 33 142 223 33 89 224 / 113 24 194 112 89 187 / 81 31 95 84 42 104 / 173 3 149 174 94 148 / 
4 33 122 230 33 99 225 / 111 7 182 110 87 188 / 85 27 82 87 39 102 / 175 36 164 175 88 155 / 
4 33 124 225 33 95 225 / 112 166 181 112 87 188 / 90 14 94 88 36 105 / 174 16 161 174 82 149 / 
4 33 120 224 33 97 225 / 113 163 184 113 106 184 / 85 12 89 90 30 108 / 175 4 157 174 71 150 / 
4 33 135 227 33 100 226 / 111 170 170 111 72 182 / 174 35 143 173 77 149 / 85 12 87 87 37 104 / 
4 34 98 226 33 94 226 / 111 12 168 111 87 184 / 174 13 158 174 98 156 / 86 16 86 88 31 111 / 
4 33 56 229 33 95 225 / 111 9 179 110 76 185 / 175 8 164 175 63 157 / 88 19 90 85 33 104 / 
4 32 144 230 32 110 226 / 112 5 180 112 93 181 / 176 4 168 174 77 155 / 81 11 87 85 31 98 / 
4 33 140 227 32 104 226 / 112 152 178 112 102 176 / 175 5 144 175 48 161 / 80 20 90 82 42 95 / 
4 32 126 227 32 98 226 / 113 170 184 113 99 180 / 177 137 147 176 84 154 / 81 13 89 83 38 109 / 
4 32 65 229 32 87 224 / 113 163 182 113 104 175 / 177 13 154 176 75 151 / 81 17 91 83 35 101 / 
4 32 135 229 32 104 224 / 113 20 176 113 85 179 / 175 12 161 175 82 164 / 81 11 85 85 37 103 / 
4 33 151 229 33 107 225 / 113 162 184 113 106 177 / 174 9 155 175 79 159 / 81 16 92 83 36 106 / 
4 32 133 228 32 103 223 / 112 146 172 113 100 172 / 175 11 158 174 68 160 / 81 12 78 85 31 96 / 
4 32 140 228 32 94 226 / 113 154 180 113 93 175 / 175 23 148 175 83 156 / 81 67 87 82 39 103 / 
4 33 126 223 32 106 225 / 114 163 178 113 101 176 / 173 14 161 173 73 161 / 80 67 84 82 37 107 / 
4 32 135 233 33 106 225 / 114 170 181 112 79 182 / 174 9 164 174 82 165 / 81 23 87 81 34 107 / 
4 32 140 231 33 93 225 / 113 174 172 112 101 176 / 174 5 176 174 61 173 / 81 17 82 83 28 107 / 
4 34 97 227 33 97 225 / 113 170 190 112 95 177 / 175 4 161 174 77 166 / 81 14 79 82 31 96 / 
4 33 126 226 33 108 226 / 111 16 175 112 100 177 / 172 19 179 172 84 170 / 90 11 86 90 24 98 / 
4 33 90 226 33 90 224 / 111 4 181 111 82 178 / 173 5 185 173 65 174 / 83 3 82 84 37 95 / 
4 33 61 228 33 86 225 / 111 15 182 111 83 178 / 174 155 178 174 80 174 / 83 7 92 86 26 124 / 
4 33 138 227 33 101 224 / 112 4 178 112 82 172 / 173 1 166 173 81 174 / 83 14 87 84 38 98 / 
4 33 122 226 33 90 223 / 112 42 169 112 87 174 / 172 6 177 172 74 178 / 90 29 88 86 36 88 / 
4 33 66 227 33 87 222 / 113 5 221 112 70 181 / 175 5 193 174 62 186 / 81 34 75 84 36 86 / 
4 33 85 230 33 99 223 / 113 148 164 112 91 170 / 175 5 177 175 72 178 / 90 18 87 88 27 100 / 
4 113 5 182 112 79 183 / 34 67 224 33 89 222 / 174 22 191 174 76 182 / 90 65 88 86 39 95 / 
4 111 8 188 111 80 172 / 34 99 219 33 97 223 / 173 11 176 173 79 181 / 90 13 85 90 28 100 / 
4 110 19 169 110 94 171 / 33 83 222 33 98 222 / 173 14 176 173 77 182 / 90 8 82 87 26 101 / 
4 113 14 169 112 68 173 / 34 66 220 34 88 220 / 173 31 202 173 72 191 / 90 14 79 90 23 105 / 
4 113 170 177 112 92 176 / 34 129 226 34 108 222 / 174 6 205 173 65 200 / 90 10 75 94 15 111 / 
4 111 185 190 110 104 167 / 32 145 224 33 105 220 / 174 8 206 174 78 191 / 81 3 84 81 26 99 / 
4 111 2 175 110 99 175 / 33 143 225 33 92 220 / 173 6 190 173 64 198 / 81 9 87 81 36 107 / 
4 111 5 176 111 103 173 / 33 145 225 33 108 221 / 175 6 217 175 61 205 / 81 10 82 81 28 100 / 
4 111 10 174 110 77 177 / 34 85 222 34 101 220 / 174 25 202 174 82 194 / 80 14 81 81 22 105 / 
4 113 11 189 112 86 177 / 33 115 223 33 92 219 / 173 153 216 173 73 200 / 81 3 81 81 23 95 / 
4 111 177 178 111 103 166 / 33 125 224 33 113 219 / 174 30 203 175 76 198 / 90 4 82 83 18 100 / 
4 112 170 157 111 100 160 / 33 129 221 33 101 218 / 175 5 197 175 85 198 / 90 5 81 83 18 93 / 
4 113 7 169 110 79 179 / 33 66 220 33 93 217 / 174 153 225 174 82 212 / 90 9 78 81 16 100 / 
4 112 24 187 112 89 175 / 33 156 220 33 110 216 / 174 144 218 174 91 206 / 81 6 84 84 25 97 / 
4 112 163 172 111 101 173 / 33 87 218 33 93 215 / 174 142 195 174 81 202 / 90 12 76 84 23 101 / 
4 112 161 171 112 108 170 / 34 160 220 34 115 215 / 173 10 221 174 82 207 / 90 19 81 87 20 98 / 
4 111 165 172 111 100 171 / 34 63 212 34 95 212 / 173 14 228 173 62 206 / 90 14 77 86 21 114 / 
4 112 166 185 111 105 172 / 33 152 217 33 103 212 / 176 143 205 172 78 205 / 81 18 76 81 22 88 / 
4 113 93 171 112 98 166 / 33 160 218 33 114 213 / 176 10 205 172 73 207 / 81 22 82 81 21 99 / 
4 113 170 186 112 100 166 / 33 132 213 33 110 212 / 176 18 203 173 60 208 / 84 16 69 84 17 84 / 
4 112 86 168 112 102 162 / 33 153 217 33 114 211 / 175 15 235 174 62 209 / 81 26 75 81 20 102 / 
4 113 104 165 112 103 169 / 33 164 211 33 110 210 / 174 129 214 173 81 213 / 81 12 81 81 17 102 / 
4 112 61 160 112 98 163 / 34 161 215 34 120 211 / 175 4 226 175 71 218 / 81 22 80 83 18 102 / 
4 113 90 167 113 97 168 / 34 170 213 34 121 209 / 175 88 198 175 88 207 / 81 24 74 81 15 101 / 
4 112 122 173 112 109 169 / 34 162 206 34 113 208 / 174 27 203 175 70 206 / 81 12 80 81 19 104 / 
4 112 186 186 112 99 171 / 33 166 207 34 115 209 / 174 128 215 174 74 210 / 81 14 81 83 18 111 / 
4 113 10 155 112 101 164 / 34 105 204 34 105 206 / 174 8 203 174 64 212 / 81 50 82 81 29 110 / 
4 111 8 166 112 107 168 / 34 160 213 34 134 207 / 173 134 214 174 70 203 / 81 33 86 81 29 90 / 
4 111 183 160 111 114 162 / 34 154 209 34 118 205 / 175 138 220 175 81 219 / 81 19 80 81 29 106 / 
4 112 5 183 111 101 170 / 33 178 208 33 128 205 / 174 5 229 173 62 216 / 90 6 78 90 5 95 / 
4 111 174 174 111 109 165 / 33 172 206 33 123 205 / 176 139 214 176 95 216 / 90 6 72 90 5 95 / 
4 111 187 164 111 110 165 / 33 160 204 33 108 202 / 175 139 231 175 81 210 / 84 16 77 84 14 93 / 
4 111 188 172 110 114 168 / 33 92 205 33 119 202 / 175 6 222 175 86 218 / 84 17 88 84 15 95 / 
4 111 188 169 111 104 162 / 33 165 203 33 120 202 / 175 9 223 175 54 207 / 81 2 82 81 22 102 / 
4 111 182 172 111 113 162 / 33 129 207 33 119 201 / 176 3 211 176 61 212 / 81 34 81 81 19 99 / 
4 111 193 179 110 110 169 / 33 124 200 33 119 201 / 174 9 202 174 70 210 / 60 7 83 70 12 107 / 
4 112 191 162 110 102 162 / 33 182 197 33 114 200 / 175 129 214 175 93 216 / 120 14 83 105 15 117 / 
4 111 186 162 111 97 165 / 33 167 200 33 118 200 / 175 140 228 175 73 220 / 105 22 80 105 18 106 / 
4 111 190 188 111 105 166 / 33 160 205 33 120 200 / 174 19 227 174 64 213 / 100 22 80 100 18 96 / 
4 110 35 152 110 103 160 / 33 170 197 33 116 199 / 176 5 215 175 74 215 / 113 13 77 100 18 99 / 
4 111 196 170 111 107 165 / 34 79 199 34 118 198 / 175 7 224 174 70 218 / 90 8 84 86 23 103 / 
4 111 1 169 111 113 165 / 33 150 197 33 119 198 / 175 14 229 173 60 210 / 60 9 81 60 10 121 / 
4 111 7 181 110 94 164 / 33 185 196 33 112 196 / 174 142 200 174 86 205 / 66 8 77 60 10 127 / 
4 110 181 163 111 113 162 / 32 79 198 33 109 197 / 175 4 226 175 74 202 / 66 5 79 66 8 128 / 
5 111 179 166 110 95 164 / 175 7 222 174 75 209 / 33 167 199 33 119 198 / 90 36 14 90 30 17 / 66 16 78 66 11 105 / 
5 110 8 160 110 107 158 / 175 4 216 174 80 207 / 33 147 198 33 120 197 / 90 0 16 90 27 17 / 66 5 76 60 9 124 / 
5 111 11 169 109 107 163 / 175 145 222 175 87 210 / 33 141 202 33 112 196 / 165 0 16 150 26 16 / 66 8 82 66 11 115 / 
4 110 70 145 110 106 151 / 174 142 212 175 85 207 / 33 103 198 33 103 197 / 66 8 79 66 11 104 / 
4 111 13 175 110 99 165 / 175 8 219 175 90 212 / 33 94 200 33 112 197 / 66 15 84 66 12 103 / 
4 111 185 179 110 106 169 / 175 6 214 175 61 212 / 33 175 200 33 123 197 / 66 13 82 66 12 104 / 
5 111 179 179 110 109 165 / 176 8 216 176 82 210 / 34 178 198 34 118 198 / 0 0 15 60 9 18 / 66 10 78 66 12 102 / 
4 110 6 166 109 89 162 / 176 153 203 176 87 207 / 33 60 196 33 110 196 / 60 10 74 60 7 112 / 
4 110 177 171 110 110 165 / 176 148 213 176 86 210 / 34 64 195 34 108 196 / 50 5 80 53 8 126 / 
5 111 185 182 111 110 168 / 176 6 216 175 73 212 / 33 160 196 33 126 197 / 50 59 13 50 43 18 / 90 6 156 90 6 122 / 
5 111 7 179 112 108 162 / 176 28 218 175 79 208 / 33 77 198 33 120 197 / 50 48 16 50 45 17 / 90 6 78 75 5 112 / 
4 111 11 156 112 109 165 / 176 153 195 175 81 204 / 33 174 202 33 109 196 / 90 5 77 90 4 108 / 
4 111 184 160 111 120 166 / 175 36 211 175 81 206 / 33 100 199 33 118 198 / 90 6 85 90 5 110 / 
4 111 6 177 111 79 170 / 176 28 202 176 80 201 / 33 148 197 33 122 197 / 90 3 75 90 3 119 / 
5 111 171 154 110 107 160 / 174 43 201 174 78 206 / 34 172 200 34 126 199 / 50 64 12 50 51 15 / 69 12 80 69 16 105 / 
4 112 100 143 110 99 151 / 176 139 198 176 93 204 / 34 129 199 34 104 198 / 81 11 74 72 13 123 / 
4 111 167 154 110 104 157 / 175 4 212 175 85 205 / 34 175 197 34 120 198 / 69 13 71 69 16 104 / 
4 115 4 167 111 83 159 / 175 120 202 175 104 201 / 34 78 196 34 97 197 / 66 8 82 72 11 125 / 
4 112 180 169 111 101 164 / 175 162 203 175 91 201 / 34 171 203 34 126 199 / 66 12 80 68 12 114 / 
4 111 167 175 111 110 166 / 175 173 199 175 85 203 / 34 59 197 34 103 196 / 72 27 84 72 19 102 / 
4 110 178 154 110 92 154 / 177 167 194 177 91 194 / 34 73 199 34 107 198 / 69 13 71 69 15 113 / 
5 110 110 159 110 105 157 / 176 7 189 165 65 198 / 33 170 199 34 86 192 / 50 85 15 30 70 14 / 73 25 85 72 25 104 / 
4 110 9 143 109 89 146 / 176 9 198 176 93 191 / 34 173 200 34 108 198 / 80 20 85 81 20 118 / 
4 110 15 165 110 98 163 / 176 165 172 176 110 188 / 34 95 198 34 112 198 / 81 18 75 81 23 103 / 
4 111 3 157 112 87 158 / 176 17 189 176 97 192 / 33 151 198 33 101 196 / 80 2 78 81 21 103 / 
4 111 180 157 111 108 153 / 176 6 204 176 85 200 / 33 105 199 33 96 193 / 81 12 81 82 17 101 / 
4 111 96 173 111 118 158 / 176 28 185 176 105 194 / 34 70 199 34 95 196 / 81 20 77 81 15 88 / 
4 111 94 145 111 101 143 / 176 18 179 175 92 187 / 34 88 201 34 102 197 / 90 7 74 90 7 90 / 
4 110 120 165 110 119 146 / 175 22 171 175 89 183 / 34 165 201 34 119 198 / 90 7 70 85 8 106 / 
4 113 169 164 111 111 150 / 177 5 191 176 99 194 / 34 104 197 34 101 197 / 90 4 66 90 5 115 / 
3 176 150 197 176 124 191 / 34 52 202 34 92 194 / 90 0 68 83 3 122 / 
4 110 3 149 110 101 145 / 177 180 189 176 115 191 / 34 79 199 34 109 198 / 90 4 75 90 6 123 / 
4 109 191 154 109 122 157 / 177 183 193 176 126 191 / 34 170 196 34 104 196 / 84 9 74 84 11 114 / 
4 110 128 133 110 98 140 / 176 188 186 176 105 186 / 34 38 200 34 112 196 / 80 23 87 80 36 111 / 
4 110 34 147 110 106 142 / 176 184 207 176 124 190 / 34 176 200 34 112 198 / 81 0 87 80 14 110 / 
4 111 118 141 110 112 131 / 176 183 218 175 113 197 / 34 167 200 34 106 198 / 81 0 74 81 17 100 / 
4 111 176 142 111 124 145 / 176 5 209 176 113 199 / 35 79 198 34 96 196 / 0 0 66 81 11 99 / 
4 111 169 134 110 114 139 / 177 186 182 177 121 191 / 33 159 199 33 101 197 / 90 5 71 90 7 96 / 
4 110 3 150 110 103 146 / 176 187 176 176 93 191 / 35 109 199 35 91 195 / 90 5 138 90 5 113 / 
4 109 7 152 110 95 145 / 176 5 192 175 72 189 / 35 60 196 34 90 196 / 90 4 77 90 5 102 / 
4 108 6 143 109 105 139 / 177 189 191 177 100 190 / 35 173 200 35 107 198 / 90 4 78 90 9 101 / 
4 109 200 131 109 116 134 / 177 184 203 176 117 199 / 35 156 196 35 99 196 / 81 13 79 81 13 116 / 
4 110 118 135 110 107 132 / 176 93 202 176 103 198 / 35 35 200 35 92 196 / 100 10 75 98 15 115 / 
4 110 3 134 111 110 140 / 175 189 185 175 102 193 / 35 50 196 34 89 194 / 90 8 81 90 17 117 / 
4 111 196 124 110 121 129 / 177 11 181 175 89 192 / 34 65 200 34 92 198 / 90 31 83 90 18 112 / 
4 109 213 144 109 113 134 / 176 5 191 176 90 199 / 35 96 201 35 107 201 / 115 12 81 114 12 111 / 
4 109 11 115 110 89 130 / 176 12 205 176 90 202 / 35 85 199 35 89 198 / 100 5 81 98 16 105 / 
4 110 6 134 110 96 128 / 176 21 198 176 94 204 / 35 110 200 35 90 199 / 120 6 81 114 12 113 / 
4 111 6 129 110 91 130 / 177 50 174 175 89 183 / 35 119 202 35 96 202 / 100 5 161 101 12 117 / 
4 110 199 134 110 106 126 / 177 164 191 177 85 194 / 35 88 205 35 91 203 / 115 7 74 110 14 115 / 
4 111 171 115 110 101 120 / 177 176 225 176 95 201 / 35 150 202 35 96 203 / 90 36 76 94 22 108 / 
4 111 80 128 110 114 121 / 177 54 196 176 86 186 / 35 162 207 35 95 205 / 97 16 68 97 20 109 / 
4 109 209 124 109 114 125 / 176 37 184 175 81 191 / 35 160 206 35 99 207 / 90 11 77 95 18 114 / 
4 111 32 113 110 106 127 / 176 131 200 176 103 201 / 35 149 208 35 96 207 / 90 12 73 93 21 118 / 
5 109 15 115 109 107 121 / 177 170 201 176 98 203 / 35 128 211 35 100 210 / 50 43 12 50 38 16 / 90 23 77 90 23 102 / 
4 111 196 130 110 111 122 / 176 5 177 176 82 192 / 35 144 209 35 87 209 / 90 6 76 93 19 107 / 
4 111 8 132 110 97 125 / 178 6 186 18 70 195 / 35 138 214 35 90 209 / 90 5 150 90 18 117 / 
4 111 3 131 110 88 125 / 177 5 227 177 84 196 / 35 75 211 35 87 213 / 81 17 77 81 14 95 / 
4 110 113 124 109 121 124 / 175 170 199 175 93 192 / 34 36 212 34 84 210 / 80 13 79 83 13 95 / 
4 110 8 127 110 103 124 / 176 7 187 176 113 190 / 34 60 214 34 89 213 / 105 14 75 102 13 104 / 
4 109 26 115 108 102 124 / 177 129 198 176 105 200 / 34 93 214 35 84 213 / 100 13 79 100 12 113 / 
4 109 111 117 109 115 119 / 176 6 193 176 98 200 / 35 28 217 35 85 215 / 105 9 77 103 10 114 / 
4 110 11 118 110 81 128 / 176 168 188 176 105 190 / 35 76 220 35 89 216 / 90 23 77 90 20 106 / 
4 111 104 118 109 104 118 / 175 170 194 175 115 187 / 35 61 217 35 77 215 / 90 10 74 90 15 113 / 
4 110 192 116 109 108 128 / 176 5 212 176 114 189 / 34 54 221 34 75 217 / 90 14 76 86 17 99 / 
4 111 3 119 110 94 127 / 175 123 196 175 115 193 / 34 98 220 34 88 220 / 94 23 77 94 16 98 / 
5 111 198 134 110 121 122 / 176 7 188 176 97 175 / 33 50 81 33 54 69 / 33 105 221 34 80 219 / 94 9 71 94 13 123 / 
4 112 177 135 111 102 132 / 177 166 185 177 98 179 / 33 125 222 33 85 220 / 81 5 78 84 19 92 / 
4 111 10 112 110 108 123 / 176 125 198 176 97 188 / 34 144 222 34 86 221 / 81 8 76 90 15 110 / 
4 110 5 124 110 122 124 / 177 143 174 177 111 174 / 33 4 221 33 89 220 / 81 10 77 83 14 103 / 
4 110 3 131 110 95 125 / 176 96 180 175 99 173 / 33 4 219 33 88 219 / 81 10 75 81 14 108 / 
4 109 182 119 110 110 124 / 175 37 199 175 103 185 / 33 5 222 34 85 220 / 90 11 72 84 11 100 / 
3 112 166 126 110 109 125 / 178 127 164 178 96 179 / 33 5 220 33 87 221 / 
4 110 169 120 111 114 124 / 176 12 179 176 101 177 / 33 3 220 33 88 220 / 90 7 76 84 8 98 / 
4 111 180 118 110 121 121 / 33 3 221 33 88 221 / 177 23 174 176 82 177 / 90 7 78 90 9 96 / 
4 110 169 130 110 105 119 / 33 3 221 33 89 220 / 175 78 148 175 96 167 / 90 17 74 84 10 93 / 
4 111 177 122 110 112 123 / 33 3 222 33 89 221 / 176 178 181 176 104 175 / 90 17 76 84 11 96 / 
4 109 195 129 109 108 123 / 33 3 221 33 88 220 / 176 6 178 176 110 170 / 90 17 76 96 11 93 / 
4 110 123 126 109 115 125 / 33 141 221 33 90 221 / 176 140 160 176 98 156 / 90 17 72 90 14 105 / 
4 111 88 120 109 102 120 / 33 82 220 33 90 220 / 175 164 182 175 89 164 / 90 13 73 90 10 96 / 
4 111 159 122 110 106 124 / 33 85 220 33 90 220 / 175 119 165 174 107 163 / 90 10 74 90 10 86 / 
4 111 50 128 110 108 129 / 33 146 222 33 90 222 / 178 146 180 177 100 168 / 73 48 78 80 35 100 / 
4 110 7 120 109 91 129 / 33 146 224 33 90 222 / 177 147 167 177 114 162 / 76 44 80 75 35 99 / 
4 110 40 121 109 109 125 / 33 145 224 33 90 222 / 177 88 149 177 99 153 / 76 26 78 77 30 82 / 
4 112 26 125 111 86 136 / 33 145 224 33 90 222 / 178 3 147 177 78 161 / 81 28 76 81 30 82 / 
4 112 182 121 111 103 127 / 33 143 223 33 91 222 / 176 4 148 176 71 147 / 90 20 76 74 22 96 / 
4 110 199 121 110 100 123 / 33 142 223 33 91 222 / 174 14 168 174 56 155 / 60 23 73 73 21 111 / 
4 111 107 112 111 102 116 / 33 142 224 33 91 222 / 175 3 154 175 77 153 / 75 15 78 77 17 117 / 
4 112 177 121 111 93 123 / 33 142 223 33 91 222 / 175 4 156 175 74 156 / 73 31 72 75 19 97 / 
4 112 6 115 112 71 123 / 33 143 224 33 90 222 / 175 3 158 175 91 151 / 72 34 75 77 20 105 / 
4 111 3 120 111 79 123 / 33 138 222 33 85 221 / 174 160 157 175 102 146 / 72 34 76 77 19 95 / 
4 113 37 126 113 94 124 / 33 137 224 33 82 222 / 174 7 133 174 76 146 / 90 13 76 93 22 97 / 
4 111 31 118 111 98 119 / 33 137 220 34 96 221 / 175 7 138 175 69 145 / 90 40 81 87 24 92 / 
4 113 183 128 111 104 126 / 35 61 227 35 98 225 / 173 10 138 173 90 150 / 83 8 81 81 66 89 / 
4 112 54 137 112 84 123 / 35 148 227 35 99 224 / 173 190 144 173 114 151 / 81 34 81 83 46 108 / 
4 113 10 121 111 93 123 / 35 143 221 35 90 221 / 173 149 146 173 114 146 / 81 65 80 85 45 109 / 
4 111 189 126 111 94 121 / 35 135 225 35 83 222 / 175 136 144 175 97 140 / 83 6 77 84 35 95 / 
4 35 49 225 35 83 224 / 110 4 107 108 79 123 / 174 128 139 173 103 139 / 85 30 81 86 35 93 / 
4 35 102 225 35 87 224 / 107 23 106 108 87 118 / 175 155 140 175 107 141 / 83 19 82 86 37 94 / 
4 35 130 223 35 76 223 / 108 7 111 108 85 121 / 174 165 139 174 97 138 / 81 30 77 84 34 97 / 
4 35 133 228 35 78 223 / 111 14 111 108 86 120 / 173 11 143 173 59 141 / 81 18 77 82 41 88 / 
4 111 16 109 107 86 120 / 35 19 228 35 63 224 / 173 129 141 173 91 136 / 83 17 80 82 45 90 / 
4 110 17 111 108 85 119 / 35 63 225 35 82 226 / 175 133 129 175 110 131 / 88 19 80 85 39 101 / 
4 111 11 110 107 86 119 / 35 117 226 35 90 225 / 174 13 146 173 68 141 / 80 19 81 81 39 97 / 
4 111 15 113 107 85 120 / 35 25 231 35 85 226 / 175 14 133 174 86 138 / 83 13 82 83 30 113 / 
4 112 4 117 107 86 124 / 35 63 226 35 81 226 / 176 17 145 175 79 144 / 90 4 81 81 28 92 / 
4 112 5 114 110 90 116 / 35 51 227 35 78 227 / 177 136 139 176 111 141 / 86 12 78 86 30 92 / 
4 111 5 113 110 90 116 / 35 129 225 35 93 226 / 81 8 77 85 39 90 / 175 151 138 175 119 136 / 
4 112 5 116 111 88 117 / 35 105 230 35 90 227 / 113 6 80 86 41 94 / 176 152 134 174 90 139 / 
4 111 5 114 111 88 116 / 35 61 224 35 77 224 / 83 7 77 88 34 108 / 177 151 144 175 107 141 / 
4 112 59 110 110 88 114 / 34 45 229 34 75 226 / 83 9 80 85 37 93 / 178 150 142 176 86 142 / 
4 111 177 119 110 97 119 / 34 141 230 34 76 226 / 84 48 80 85 35 98 / 178 148 134 176 90 134 / 
4 110 26 116 109 94 118 / 34 137 228 33 88 225 / 86 16 80 85 41 88 / 177 7 119 176 83 132 / 
4 112 39 122 111 91 116 / 34 137 227 34 83 227 / 90 9 80 87 28 98 / 175 7 131 175 83 131 / 
4 110 12 119 109 91 125 / 34 135 228 33 77 226 / 90 10 76 86 30 94 / 174 124 127 174 108 129 / 
4 111 184 113 110 95 121 / 34 134 221 33 75 224 / 83 7 79 85 32 112 / 174 24 131 173 81 131 / 
4 33 134 227 33 84 225 / 113 64 119 112 92 126 / 84 5 79 82 32 110 / 173 12 137 173 78 139 / 
4 35 15 233 35 90 228 / 111 42 121 110 100 128 / 80 9 79 86 42 113 / 171 13 124 170 70 132 / 
4 35 140 225 35 84 227 / 111 56 126 110 103 126 / 83 94 79 85 43 114 / 171 31 117 170 67 131 / 
4 35 141 228 35 93 229 / 109 187 124 110 90 124 / 83 14 79 91 42 116 / 173 17 127 169 65 128 / 
4 35 121 231 35 93 228 / 109 19 127 110 87 127 / 83 9 80 90 45 116 / 174 11 130 172 78 131 / 
4 35 124 228 35 85 228 / 112 68 116 112 92 119 / 85 12 80 90 42 115 / 173 129 123 172 106 124 / 
4 35 129 226 35 67 225 / 113 29 118 111 88 133 / 90 12 80 90 43 115 / 173 81 122 173 80 119 / 
4 34 51 231 34 71 223 / 111 38 126 111 89 131 / 90 91 81 90 47 115 / 172 5 111 172 74 124 / 
4 34 54 230 34 70 223 / 114 27 131 111 79 131 / 86 10 80 90 42 114 / 174 73 103 173 56 121 / 
4 34 33 223 35 65 224 / 110 26 116 110 100 130 / 89 12 79 92 43 114 / 174 6 107 171 54 118 / 
4 35 39 225 35 71 223 / 111 198 142 110 98 136 / 90 12 79 91 43 114 / 173 96 105 172 58 111 / 
4 34 85 228 34 81 225 / 110 21 140 109 99 138 / 84 7 83 92 45 120 / 171 11 122 171 63 118 / 
4 35 64 227 35 81 226 / 110 17 126 111 81 136 / 89 11 86 90 50 95 / 170 7 126 170 42 134 / 
4 35 57 226 35 82 226 / 110 11 134 111 81 128 / 81 13 83 83 39 101 / 173 129 114 172 80 129 / 
4 35 65 226 35 78 226 / 110 189 136 110 102 141 / 81 6 87 84 33 110 / 173 41 125 172 74 130 / 
4 35 59 228 35 80 226 / 110 182 125 110 107 135 / 83 10 82 85 37 97 / 173 107 113 174 83 121 / 
4 35 63 231 35 84 227 / 110 159 126 110 97 139 / 83 5 84 87 23 115 / 174 88 113 173 70 119 / 
4 35 63 227 35 78 226 / 113 32 145 112 90 150 / 82 6 92 84 47 96 / 173 54 106 172 64 115 / 
4 35 51 227 35 81 227 / 111 14 193 111 87 155 / 81 6 84 82 48 100 / 173 87 104 171 63 110 / 
4 35 69 227 35 76 225 / 110 102 130 112 97 143 / 81 89 92 81 54 93 / 171 10 121 171 35 128 / 
4 35 104 228 35 86 227 / 114 9 139 110 78 153 / 80 13 90 81 40 132 / 172 13 113 172 47 115 / 
5 30 8 93 40 9 81 / 35 80 229 35 87 228 / 112 10 154 112 88 156 / 80 109 91 80 59 108 / 173 6 108 172 49 124 / 
5 50 9 83 50 10 79 / 35 47 226 35 86 226 / 111 188 146 111 101 147 / 80 8 92 80 59 103 / 173 91 109 172 57 113 / 
5 21 85 38 21 88 36 / 35 75 224 35 87 226 / 111 190 153 111 104 156 / 81 9 90 81 45 101 / 172 83 109 171 54 116 / 
5 18 85 39 19 90 34 / 35 63 229 35 86 226 / 111 192 154 112 106 157 / 80 7 92 81 43 114 / 171 41 107 171 61 117 / 
4 34 58 225 34 76 225 / 112 179 153 111 107 156 / 80 1 100 80 32 118 / 172 95 114 171 50 128 / 
4 34 137 223 34 78 224 / 111 195 150 111 108 156 / 80 19 92 80 48 103 / 172 3 104 169 28 133 / 
4 34 63 226 34 81 225 / 112 187 152 111 108 158 / 81 28 90 81 49 106 / 173 10 102 172 47 115 / 
4 34 54 227 34 77 226 / 111 185 155 111 106 158 / 80 26 96 80 45 108 / 173 12 103 173 39 131 / 
6 30 8 96 30 9 86 / 30 36 30 41 32 36 / 34 54 227 34 76 227 / 111 192 151 111 106 157 / 80 5 89 81 34 110 / 172 61 106 172 50 123 / 
5 30 27 35 30 40 38 / 34 121 228 34 82 227 / 112 186 149 112 106 157 / 80 93 101 80 46 106 / 172 2 102 172 53 124 / 
5 30 8 96 30 9 87 / 34 124 228 34 79 226 / 111 195 150 111 103 156 / 83 21 91 85 43 109 / 171 17 115 171 42 123 / 
5 30 8 96 30 9 86 / 35 50 225 35 65 224 / 112 20 149 111 101 151 / 83 27 95 84 47 106 / 172 5 103 171 45 122 / 
4 34 37 222 34 69 224 / 111 18 152 111 101 152 / 83 11 92 85 43 107 / 172 35 109 171 52 122 / 
4 35 74 227 35 76 226 / 112 200 153 111 103 156 / 83 29 88 85 45 110 / 172 82 106 172 54 134 / 
5 15 12 61 30 13 63 / 34 69 227 34 77 225 / 111 197 149 111 103 153 / 83 17 94 84 42 111 / 172 24 108 171 46 122 / 
4 34 65 224 34 74 224 / 111 29 154 111 103 152 / 83 17 90 84 49 115 / 173 48 95 170 42 118 / 
5 50 9 88 50 9 83 / 33 105 228 33 85 224 / 113 185 150 112 101 152 / 80 7 103 83 59 114 / 170 5 122 170 56 132 / 
4 33 125 225 33 81 223 / 113 187 148 112 100 154 / 81 7 105 82 53 110 / 168 8 114 168 37 134 / 
4 33 130 225 33 75 224 / 112 180 148 112 100 153 / 83 6 105 83 52 110 / 168 10 111 168 55 120 / 
7 50 8 91 50 9 87 / 41 42 28 41 58 36 / 33 17 228 33 78 223 / 113 186 150 112 100 154 / 83 7 111 82 46 112 / 90 64 20 84 39 20 / 168 8 114 168 58 119 / 
4 33 121 227 33 77 223 / 112 185 150 112 101 153 / 82 13 104 82 45 116 / 168 2 113 168 56 117 / 
4 33 7 227 33 69 223 / 111 190 151 111 102 151 / 83 29 100 82 50 113 / 166 34 92 166 46 117 / 
5 33 124 221 33 79 222 / 112 193 153 111 102 152 / 80 25 98 79 51 111 / 90 0 30 90 18 28 / 167 16 95 167 45 119 / 
5 30 13 60 30 13 60 / 33 135 223 33 79 224 / 112 190 155 111 102 155 / 82 15 100 82 52 114 / 168 23 91 168 37 127 / 
6 30 12 66 30 12 66 / 30 46 62 36 46 47 / 33 127 223 33 74 223 / 113 190 155 111 101 155 / 82 17 99 82 55 117 / 166 27 103 167 40 125 / 
6 50 8 95 50 9 88 / 30 36 63 37 35 46 / 33 36 223 33 75 223 / 110 190 156 111 103 155 / 82 70 97 82 59 112 / 172 42 101 172 51 131 / 
5 30 11 70 40 11 69 / 33 97 225 33 77 224 / 110 190 157 111 103 156 / 82 65 114 82 67 115 / 169 25 103 171 49 136 / 
5 50 11 68 40 11 67 / 33 65 225 33 79 225 / 78 57 109 78 61 120 / 111 190 155 111 102 153 / 171 38 103 171 49 119 / 
5 30 11 70 30 12 65 / 80 41 119 81 60 125 / 35 101 226 35 77 225 / 111 190 156 111 104 155 / 170 102 108 171 60 137 / 
5 30 11 69 30 11 68 / 80 21 113 80 61 125 / 35 57 228 35 78 226 / 110 184 154 111 104 156 / 170 46 111 170 57 135 / 
4 80 17 111 81 58 124 / 35 65 229 35 75 226 / 110 195 156 111 104 157 / 170 28 112 170 45 138 / 
4 78 16 115 78 56 125 / 35 105 226 35 78 225 / 111 196 154 111 102 156 / 50 43 18 50 38 20 / 
4 80 11 116 79 62 121 / 35 91 224 35 76 224 / 111 195 152 111 104 156 / 170 15 123 170 48 135 / 
5 80 10 114 79 53 125 / 35 64 225 35 76 226 / 111 197 152 111 104 156 / 66 51 15 66 58 19 / 170 9 120 170 49 128 / 
5 80 15 120 79 52 130 / 35 79 228 35 75 226 / 111 190 154 111 104 156 / 66 48 16 66 57 19 / 170 14 122 170 49 131 / 
4 79 12 117 79 50 134 / 35 54 228 35 80 227 / 111 197 155 111 104 157 / 66 51 16 66 58 18 / 
4 79 11 118 79 49 136 / 35 123 228 35 74 225 / 111 192 156 110 106 157 / 171 9 121 170 49 132 / 
4 79 9 117 78 52 134 / 35 131 228 35 81 227 / 111 197 154 111 103 156 / 172 3 115 172 41 145 / 
5 80 106 118 79 55 132 / 35 82 231 35 85 228 / 111 195 156 111 104 158 / 30 36 21 40 35 24 / 172 23 117 172 43 143 / 
4 80 27 122 79 46 128 / 35 60 232 35 68 227 / 111 197 157 111 104 158 / 172 20 162 172 40 146 / 
4 78 51 127 79 55 132 / 35 115 229 35 79 228 / 114 190 158 113 98 158 / 169 10 182 168 43 143 / 
4 78 6 126 78 62 135 / 35 122 228 35 68 228 / 114 181 156 112 100 156 / 171 5 105 169 29 129 / 
4 79 2 138 79 56 140 / 35 79 227 35 72 228 / 115 174 158 114 103 159 / 173 16 85 172 26 120 / 
4 78 7 125 78 50 140 / 35 78 231 35 71 230 / 113 184 161 112 104 154 / 173 17 113 173 42 153 / 
4 78 20 128 78 51 135 / 35 47 227 35 66 228 / 114 184 142 112 102 147 / 173 26 107 172 43 144 / 
4 78 3 130 78 42 131 / 35 45 230 35 64 229 / 111 190 151 111 97 146 / 171 19 114 168 37 131 / 
4 78 1 131 78 43 136 / 35 38 228 35 74 229 / 112 15 173 111 83 162 / 170 6 101 170 45 134 / 
4 78 6 129 78 52 150 / 35 54 232 35 70 232 / 110 87 129 111 104 146 / 170 4 102 171 33 138 / 
4 80 9 125 80 42 146 / 35 63 234 35 69 229 / 113 175 140 113 97 145 / 170 5 115 171 44 124 / 
4 80 52 129 79 49 142 / 35 53 233 35 68 231 / 114 142 131 113 92 143 / 171 9 120 171 42 132 / 
4 80 86 128 79 54 139 / 35 51 233 35 69 232 / 114 30 128 113 82 143 / 171 6 117 171 46 125 / 
4 80 103 129 79 64 142 / 35 36 235 35 69 234 / 113 14 116 112 78 127 / 171 9 119 171 36 135 / 
4 80 5 138 78 59 143 / 35 48 235 35 58 234 / 113 29 142 113 86 147 / 169 22 121 169 51 141 / 
4 80 6 139 80 53 150 / 35 47 233 35 73 234 / 114 171 154 112 103 156 / 169 3 190 169 42 149 / 
4 80 20 133 81 43 139 / 35 73 237 35 72 234 / 115 36 139 113 89 151 / 170 17 196 169 46 155 / 
4 80 57 130 80 52 140 / 35 115 238 35 70 236 / 111 40 136 110 96 144 / 170 25 115 169 43 138 / 
4 80 9 136 80 36 145 / 35 99 238 35 63 235 / 113 168 121 110 85 156 / 169 21 118 169 39 126 / 
4 80 15 136 80 43 147 / 35 90 238 35 67 236 / 113 49 135 113 98 161 / 169 7 106 169 46 132 / 
4 80 20 134 80 39 149 / 35 43 239 35 62 236 / 113 176 150 112 93 157 / 169 3 101 167 26 135 / 
4 80 13 140 80 34 153 / 35 52 235 35 62 235 / 111 179 146 111 89 147 / 169 11 115 169 44 123 / 
4 80 89 140 80 55 149 / 35 55 237 35 65 238 / 111 4 152 111 84 151 / 169 6 103 169 47 131 / 
4 80 18 147 80 43 157 / 35 54 235 35 67 237 / 113 192 156 111 83 154 / 169 19 113 169 42 131 / 
4 80 53 144 80 48 148 / 35 31 237 35 66 237 / 111 18 150 111 85 154 / 169 6 136 168 36 146 / 
4 80 20 140 80 38 149 / 35 51 236 35 63 237 / 112 4 160 112 97 157 / 170 13 117 169 51 126 / 
4 78 4 144 77 38 157 / 35 58 238 35 66 239 / 112 161 142 113 99 154 / 171 0 129 171 58 132 / 
4 77 9 137 77 41 151 / 35 83 238 35 69 238 / 111 54 140 112 102 148 / 173 0 109 172 51 126 / 
4 77 13 143 76 34 152 / 35 49 237 35 69 238 / 113 63 147 112 93 146 / 171 102 114 171 64 128 / 
4 78 13 142 77 45 146 / 35 68 238 35 67 239 / 112 18 138 111 88 144 / 171 17 113 171 55 123 / 
4 78 21 137 77 42 151 / 35 91 239 35 76 239 / 113 28 138 112 86 148 / 170 8 120 170 65 131 / 
4 77 22 139 77 38 142 / 35 65 236 35 65 237 / 113 50 167 111 93 148 / 171 7 118 171 57 129 / 
4 78 19 138 78 40 149 / 35 102 236 35 73 239 / 111 68 123 111 99 148 / 171 4 120 171 66 133 / 
4 78 13 137 77 42 151 / 35 57 238 35 73 239 / 111 171 137 111 103 152 / 173 2 130 173 72 134 / 
4 78 11 139 77 44 151 / 35 51 238 35 64 238 / 111 165 154 111 95 163 / 173 135 127 171 71 135 / 
4 78 8 136 77 46 159 / 35 44 236 35 74 238 / 110 23 138 111 84 161 / 175 3 119 174 65 130 / 
4 78 23 133 78 47 150 / 35 49 240 35 62 237 / 111 22 143 111 83 149 / 175 129 122 174 68 127 / 
4 78 21 129 78 48 144 / 35 59 238 35 70 238 / 113 7 170 111 75 168 / 175 7 112 175 72 127 / 
4 78 4 128 78 54 140 / 35 48 235 35 66 237 / 113 176 169 112 99 161 / 172 12 132 172 76 133 / 
4 78 4 126 77 54 132 / 35 73 236 35 70 237 / 111 38 141 111 81 156 / 171 156 135 171 107 131 / 
4 78 86 125 77 47 133 / 35 38 234 35 65 236 / 111 171 146 111 86 153 / 171 10 127 170 54 138 / 
4 78 9 128 77 51 134 / 35 94 235 35 75 236 / 113 10 132 111 82 159 / 171 9 134 170 68 137 / 
4 78 4 119 75 23 148 / 35 47 235 35 73 236 / 115 177 227 112 78 171 / 171 10 137 169 36 139 / 
4 78 6 121 77 50 125 / 35 54 239 35 68 233 / 114 183 151 113 81 154 / 171 15 132 171 63 130 / 
4 78 5 122 78 58 126 / 35 115 231 35 67 235 / 113 11 121 112 82 154 / 172 111 118 172 61 124 / 
4 78 28 117 77 50 127 / 35 103 231 35 71 234 / 112 23 159 112 95 165 / 173 24 116 172 59 134 / 
4 78 114 116 78 59 126 / 35 65 232 35 72 233 / 113 23 162 112 85 169 / 172 128 128 172 76 135 / 
4 78 12 117 77 56 129 / 35 26 234 35 68 232 / 112 45 183 112 80 160 / 172 102 127 172 75 132 / 
4 78 17 117 78 60 129 / 35 28 231 35 67 233 / 112 29 139 111 91 168 / 172 5 135 172 64 135 / 
5 78 124 115 77 61 122 / 35 46 234 35 69 233 / 30 17 69 30 18 72 / 111 50 153 111 90 160 / 172 16 142 172 49 135 / 
4 78 4 118 77 49 131 / 35 59 233 35 77 233 / 113 168 149 112 83 160 / 175 17 133 174 76 139 / 
4 78 4 116 77 47 139 / 35 125 232 35 80 234 / 112 27 161 110 63 163 / 175 7 132 175 55 141 / 
4 78 4 112 77 44 138 / 35 88 234 35 77 234 / 115 20 171 112 74 170 / 175 12 145 174 63 138 / 
4 78 12 110 77 58 125 / 34 76 230 34 80 232 / 114 13 221 112 59 177 / 175 9 133 175 51 140 / 
4 78 28 114 77 61 126 / 35 74 230 35 78 232 / 113 5 168 113 75 173 / 174 23 137 174 74 133 / 
4 78 23 112 77 61 127 / 35 103 230 35 80 232 / 111 37 163 111 87 156 / 174 9 123 173 72 135 / 
4 78 15 113 77 53 128 / 35 114 229 35 74 231 / 111 15 143 110 88 156 / 173 7 134 170 47 137 / 
4 78 14 116 78 76 123 / 35 63 231 35 70 230 / 112 22 149 111 94 154 / 173 8 133 172 72 143 / 
4 78 9 116 77 63 124 / 35 84 229 35 71 230 / 113 55 125 112 93 150 / 173 4 116 170 55 140 / 
4 78 51 112 77 65 120 / 35 42 227 35 62 230 / 113 24 131 113 82 165 / 172 29 126 170 69 138 / 
4 78 9 112 77 52 133 / 35 70 231 35 73 230 / 114 41 131 113 87 149 / 173 128 140 173 78 141 / 
4 78 23 109 77 62 119 / 35 42 228 35 73 230 / 113 12 217 112 91 167 / 173 8 152 172 64 147 / 
4 78 19 109 77 59 125 / 35 24 228 35 62 230 / 113 171 152 113 97 157 / 174 8 165 174 56 162 / 
4 78 8 107 77 54 126 / 35 111 229 35 77 230 / 113 172 149 113 76 161 / 174 19 155 174 73 146 / 
4 78 44 110 77 57 115 / 35 123 236 35 86 233 / 112 6 159 110 43 171 / 175 145 138 175 74 146 / 
4 78 4 115 78 68 119 / 35 116 235 35 94 234 / 112 5 145 111 77 172 / 174 10 161 173 66 156 / 
4 78 141 112 77 74 115 / 35 123 240 35 89 233 / 113 20 227 110 70 173 / 174 3 143 173 78 150 / 
4 78 54 115 77 70 117 / 35 128 236 35 88 234 / 113 173 143 112 94 156 / 173 6 159 173 83 155 / 
4 78 4 109 77 59 130 / 35 121 229 35 79 232 / 113 176 129 111 85 163 / 173 6 164 171 47 161 / 
4 78 51 115 77 76 123 / 35 75 230 35 80 231 / 113 177 142 112 93 164 / 175 5 139 174 72 154 / 
4 77 11 112 77 63 123 / 35 118 228 34 80 231 / 113 24 154 113 90 160 / 174 12 152 174 49 163 / 
4 78 5 215 76 36 157 / 35 118 234 35 84 231 / 111 20 144 113 83 161 / 174 15 166 174 80 153 / 
4 78 4 113 77 75 123 / 35 124 233 35 83 232 / 114 5 144 113 87 167 / 176 3 156 174 78 163 / 
4 78 141 113 77 75 120 / 35 109 237 35 86 231 / 113 182 171 113 75 167 / 174 11 149 174 74 162 / 
4 78 5 114 77 64 127 / 33 114 233 34 81 229 / 112 189 156 111 67 163 / 174 4 178 174 77 175 / 
4 78 4 115 77 62 118 / 34 74 227 34 79 227 / 112 183 148 111 103 159 / 175 4 152 175 46 171 / 
4 78 130 110 77 63 127 / 33 102 228 33 81 227 / 113 178 150 112 96 157 / 176 11 162 175 66 170 / 
4 78 30 112 77 58 123 / 34 130 231 34 85 229 / 114 173 148 113 84 158 / 175 170 172 174 69 176 / 
5 78 110 112 78 68 114 / 33 127 231 33 91 228 / 50 9 83 50 9 82 / 115 166 133 112 84 156 / 174 38 175 173 73 174 / 
4 78 51 112 78 67 122 / 34 113 231 34 83 228 / 173 14 165 173 80 177 / 112 14 156 109 90 156 / 
5 78 136 114 78 69 127 / 33 85 225 33 80 226 / 50 9 88 50 9 82 / 173 49 173 173 79 177 / 113 19 227 111 86 166 / 
4 78 34 115 78 68 120 / 33 67 224 33 82 226 / 174 20 195 174 74 182 / 113 25 158 111 95 158 / 
4 78 4 115 78 66 124 / 33 63 224 33 86 225 / 174 28 189 174 79 188 / 114 50 153 111 98 157 / 
5 78 4 116 77 48 138 / 34 106 226 34 91 226 / 50 9 85 50 10 80 / 173 2 198 173 51 191 / 111 31 221 111 79 175 / 
4 78 4 115 78 57 126 / 34 92 226 34 89 224 / 173 46 180 173 74 187 / 112 18 224 111 70 178 / 
4 79 4 112 78 68 126 / 34 65 224 34 90 226 / 173 5 190 173 75 190 / 111 55 131 111 88 148 / 
4 77 135 116 77 72 122 / 34 151 230 34 95 227 / 174 9 211 174 69 198 / 113 28 158 113 77 156 / 
4 78 136 115 77 71 127 / 34 104 226 34 94 226 / 174 143 202 174 82 199 / 113 37 168 113 79 162 / 
4 78 36 119 78 72 128 / 34 62 223 33 88 223 / 174 151 213 174 74 198 / 113 48 152 113 85 160 / 
4 78 7 116 78 60 126 / 34 141 231 33 91 224 / 175 147 181 174 73 197 / 114 25 164 113 83 164 / 
4 78 5 113 78 61 116 / 34 114 230 34 98 227 / 174 143 206 173 62 206 / 114 6 143 114 90 158 / 
4 78 102 114 78 62 120 / 34 69 230 34 87 225 / 174 26 221 174 68 206 / 114 6 139 114 84 156 / 
4 78 62 116 78 66 119 / 34 63 223 33 83 223 / 174 7 204 173 74 205 / 113 12 174 113 88 159 / 
4 78 25 112 77 62 128 / 33 124 229 32 103 224 / 174 38 209 174 73 201 / 113 179 159 112 91 167 / 
4 78 7 114 78 59 127 / 33 82 226 33 92 224 / 173 14 210 173 59 216 / 113 3 149 112 93 160 / 
4 78 9 114 78 53 133 / 32 102 225 33 89 225 / 174 8 222 173 77 209 / 113 15 155 112 78 169 / 
4 78 102 113 78 63 118 / 32 126 228 33 107 226 / 173 7 201 172 69 209 / 113 6 153 112 94 159 / 
4 78 64 113 78 63 118 / 33 80 228 33 90 225 / 173 16 213 173 71 210 / 112 30 150 112 93 164 / 
4 80 48 119 80 60 119 / 32 130 226 32 94 225 / 172 139 217 173 80 215 / 115 9 163 113 97 165 / 
4 80 8 112 80 58 122 / 32 136 227 33 108 226 / 174 137 218 174 80 214 / 114 24 184 114 89 176 / 
4 80 29 115 80 60 127 / 33 136 225 33 99 225 / 174 18 213 174 67 211 / 115 32 165 115 82 170 / 
4 80 49 112 80 60 116 / 33 71 225 33 91 225 / 174 133 223 174 77 208 / 112 1 147 114 71 166 / 
4 80 9 115 80 52 132 / 34 137 227 33 107 227 / 174 85 228 174 77 212 / 113 16 151 114 83 168 / 
4 80 43 116 80 62 120 / 34 78 230 33 89 224 / 175 140 228 175 68 215 / 114 49 150 114 90 161 / 
4 80 53 114 80 60 120 / 33 136 231 33 105 226 / 174 5 218 174 76 216 / 115 50 141 114 84 160 / 
4 80 20 113 80 59 135 / 34 134 229 33 95 225 / 174 11 228 174 74 209 / 116 18 166 113 76 170 / 
4 80 124 115 81 64 120 / 32 85 221 32 88 224 / 176 140 226 176 61 212 / 114 16 145 114 75 166 / 
4 81 51 117 81 56 126 / 32 133 228 32 98 224 / 175 8 201 175 89 207 / 116 146 154 115 75 158 / 
4 81 23 112 81 58 124 / 33 131 222 33 96 224 / 174 6 213 175 68 212 / 114 34 140 114 84 165 / 
4 80 40 112 80 57 122 / 33 97 225 33 86 223 / 174 141 227 174 71 211 / 114 39 161 114 84 168 / 
4 80 121 115 80 63 124 / 32 135 226 32 106 224 / 175 144 213 175 83 215 / 111 165 159 111 85 166 / 
4 32 79 226 32 88 222 / 80 124 117 79 61 121 / 176 5 201 175 64 207 / 113 166 175 112 85 166 / 
4 32 131 225 32 97 221 / 80 16 117 80 60 120 / 174 16 225 174 74 213 / 113 18 158 112 72 172 / 
4 32 139 226 32 98 221 / 80 4 115 80 59 126 / 176 4 232 175 56 219 / 114 149 160 113 74 164 / 
4 32 137 226 32 84 220 / 80 6 113 80 53 121 / 175 144 225 175 86 209 / 115 26 171 113 81 171 / 
4 32 143 225 32 101 221 / 80 6 115 80 55 121 / 175 61 195 175 85 194 / 114 41 144 113 78 177 / 
4 32 129 224 32 87 221 / 78 9 119 79 60 130 / 175 6 204 175 76 208 / 113 29 158 113 74 175 / 
4 33 83 222 33 103 221 / 78 57 121 78 60 122 / 175 5 230 175 77 212 / 116 8 177 113 67 178 / 
4 32 132 217 32 88 218 / 175 6 220 175 80 211 / 80 11 122 79 56 128 / 115 140 171 114 83 174 / 
4 33 138 218 33 99 218 / 176 147 223 176 90 209 / 79 30 123 79 61 129 / 113 6 170 112 58 177 / 
4 33 138 218 33 96 217 / 176 3 225 176 69 216 / 80 107 119 79 60 126 / 115 18 177 114 70 175 / 
4 33 74 216 33 89 216 / 175 4 227 175 72 214 / 81 16 122 82 48 127 / 113 152 169 113 83 176 / 
4 34 152 222 34 99 217 / 176 136 195 175 93 208 / 76 23 121 80 53 135 / 113 21 189 113 79 186 / 
4 33 113 223 34 108 218 / 176 147 214 176 88 211 / 76 14 124 80 52 131 / 113 8 191 113 84 180 / 
4 33 76 219 33 93 214 / 176 7 199 175 79 207 / 78 13 124 80 51 133 / 113 5 194 113 80 185 / 
4 33 157 214 33 112 214 / 176 17 212 176 79 211 / 78 9 127 78 46 144 / 113 156 196 112 92 180 / 
4 33 115 215 33 111 214 / 176 148 198 175 85 208 / 78 16 129 79 48 136 / 110 18 176 112 81 187 / 
4 33 108 217 34 103 212 / 176 150 201 175 86 207 / 78 8 124 79 53 135 / 115 35 186 113 78 187 / 
4 33 126 212 33 109 212 / 176 77 203 176 83 203 / 79 11 122 80 56 132 / 114 52 190 114 85 188 / 
4 33 162 210 34 117 212 / 174 6 211 175 83 206 / 79 7 126 80 44 141 / 115 5 236 115 61 206 / 
4 34 85 213 34 108 210 / 174 151 197 174 88 202 / 79 13 125 79 49 151 / 115 4 187 115 70 187 / 
4 34 167 214 34 109 210 / 175 135 194 175 96 196 / 80 14 126 79 44 151 / 113 15 192 113 76 189 / 
4 34 162 212 34 112 209 / 177 160 190 176 96 200 / 79 9 123 79 42 145 / 115 14 183 114 71 183 / 
4 34 164 206 34 106 208 / 177 158 189 176 99 202 / 80 28 127 80 55 139 / 117 130 184 115 65 187 / 
4 33 162 204 33 121 207 / 176 4 205 175 62 209 / 83 7 117 86 34 144 / 113 11 204 113 86 189 / 
4 33 124 207 33 126 206 / 176 164 208 176 92 202 / 113 20 195 113 74 191 / 83 9 122 83 40 132 / 
4 33 162 207 33 111 204 / 177 8 197 176 81 200 / 112 43 201 111 80 196 / 81 13 118 82 41 133 / 
4 34 115 206 33 118 204 / 176 176 193 176 97 193 / 114 11 207 110 66 199 / 81 7 127 83 36 143 / 
4 34 160 202 34 105 203 / 175 4 177 175 67 195 / 113 151 188 113 92 191 / 82 17 118 82 47 129 / 
4 34 170 201 34 118 202 / 174 140 172 175 88 190 / 112 146 187 112 82 182 / 81 11 124 82 53 135 / 
4 34 114 203 34 113 201 / 176 11 179 176 93 196 / 114 53 187 113 90 189 / 82 30 123 82 48 136 / 
4 176 172 191 176 104 192 / 34 91 201 34 122 201 / 113 11 191 111 61 197 / 81 24 126 81 48 137 / 
4 175 4 212 175 85 198 / 34 163 201 34 120 201 / 113 21 185 113 84 190 / 81 15 121 83 38 140 / 
4 175 149 180 175 112 185 / 34 160 197 34 117 199 / 114 59 194 113 93 186 / 81 17 116 82 46 127 / 
4 176 180 170 176 107 179 / 34 170 199 34 112 199 / 114 27 198 113 85 194 / 81 18 115 83 42 131 / 
4 176 174 176 176 106 180 / 34 174 203 34 110 200 / 113 15 196 113 72 190 / 81 17 118 80 36 131 / 
4 175 4 208 175 98 200 / 33 175 203 33 113 198 / 114 18 185 113 81 196 / 77 63 106 81 44 118 / 
4 176 130 180 176 106 187 / 34 160 203 34 115 197 / 113 163 163 112 80 183 / 78 15 103 83 37 121 / 
4 177 172 187 177 117 192 / 34 111 197 34 109 197 / 113 152 195 113 92 189 / 80 6 103 84 36 131 / 
4 177 164 171 176 108 187 / 33 173 196 33 110 197 / 115 24 236 114 75 192 / 80 36 101 82 39 112 / 
4 176 88 192 177 113 188 / 33 69 201 33 108 196 / 115 18 189 114 85 185 / 78 13 103 81 38 112 / 
4 176 192 182 176 103 192 / 33 122 198 33 122 197 / 114 19 191 114 84 188 / 78 66 96 81 39 111 / 
4 175 185 230 176 127 191 / 33 164 194 33 116 194 / 114 29 187 113 88 181 / 80 13 97 83 31 120 / 
4 176 190 188 176 102 194 / 114 26 172 113 85 178 / 34 92 201 34 116 195 / 78 18 98 80 37 114 / 
4 176 25 176 175 84 191 / 114 10 192 113 76 176 / 33 163 200 33 114 195 / 79 14 103 81 48 127 / 
4 176 19 194 176 96 200 / 112 162 184 112 90 177 / 34 94 193 34 111 196 / 79 17 105 81 47 121 / 
4 113 113 186 112 92 183 / 177 26 199 176 102 194 / 34 167 197 34 114 195 / 80 20 101 82 41 122 / 
4 113 164 175 112 99 175 / 177 26 195 176 94 192 / 34 135 191 34 108 194 / 81 17 107 82 41 127 / 
4 113 4 174 113 91 177 / 177 4 186 176 85 191 / 34 173 199 34 120 197 / 82 6 106 83 46 126 / 
4 113 15 169 113 73 184 / 177 15 196 176 86 202 / 34 124 199 34 115 198 / 80 11 108 83 36 128 / 
4 114 10 182 114 75 182 / 177 133 192 176 103 195 / 34 173 201 34 109 196 / 83 12 106 85 35 114 / 
4 114 152 178 113 88 180 / 177 24 184 177 87 189 / 35 166 202 35 122 198 / 81 5 103 83 43 111 / 
4 113 15 175 112 79 184 / 177 10 203 177 68 208 / 35 170 198 35 110 197 / 83 19 102 84 43 120 / 
4 114 160 178 113 96 181 / 176 9 212 175 66 195 / 35 106 201 35 114 197 / 80 83 102 80 46 119 / 
4 114 151 178 113 91 179 / 175 6 189 175 77 201 / 34 162 200 34 115 199 / 81 23 98 81 46 113 / 
4 113 14 171 113 87 179 / 176 31 191 175 98 195 / 35 88 197 35 113 197 / 78 80 97 80 44 114 / 
4 114 11 186 113 63 182 / 175 20 213 174 74 199 / 34 148 204 34 123 197 / 80 13 93 81 42 114 / 
4 113 25 163 112 76 172 / 176 8 223 176 71 207 / 34 103 196 34 100 195 / 81 8 104 82 34 118 / 
4 112 3 173 112 93 177 / 176 129 196 176 108 197 / 34 105 198 34 120 197 / 81 88 99 82 50 106 / 
4 112 163 164 112 100 173 / 176 11 196 176 87 194 / 34 170 199 34 115 196 / 90 11 92 86 24 135 / 
4 111 7 166 111 56 181 / 177 3 194 175 86 196 / 35 170 193 35 114 196 / 81 54 94 87 45 97 / 
4 111 1 159 112 55 180 / 175 28 191 175 91 195 / 35 168 204 35 129 199 / 80 47 90 83 45 104 / 
4 113 152 188 112 88 180 / 178 66 177 177 77 181 / 35 106 202 35 116 197 / 80 14 93 88 34 118 / 
4 113 5 172 113 76 177 / 176 29 214 175 85 197 / 35 126 201 35 114 199 / 88 62 92 88 42 101 / 
4 113 149 188 113 101 176 / 176 5 192 176 86 198 / 35 160 198 35 103 197 / 83 16 84 88 40 99 / 
4 114 8 167 113 88 174 / 175 161 205 176 106 199 / 35 94 198 35 95 197 / 90 12 88 90 28 112 / 
4 113 12 168 113 78 177 / 176 106 191 176 101 191 / 35 163 204 35 112 197 / 90 12 83 90 28 110 / 
4 114 5 225 114 58 183 / 176 164 205 176 116 201 / 35 148 200 35 106 198 / 83 15 92 86 33 108 / 
4 113 167 165 111 82 171 / 176 168 193 176 107 188 / 35 85 199 35 100 198 / 83 18 93 84 36 103 / 
4 113 2 190 111 59 187 / 175 6 187 175 77 191 / 35 80 197 35 97 197 / 83 15 87 85 35 99 / 
4 114 12 158 112 98 167 / 174 9 190 174 98 190 / 35 157 203 35 111 198 / 90 44 85 87 34 97 / 
4 113 136 156 113 94 168 / 176 132 213 176 104 183 / 35 155 204 35 115 198 / 86 65 83 83 40 98 / 
4 112 161 166 112 106 168 / 177 3 189 176 91 199 / 35 77 198 35 99 197 / 90 7 81 89 22 89 / 
4 113 161 172 112 102 172 / 175 146 196 175 93 189 / 35 82 197 35 104 196 / 83 10 81 85 24 95 / 
4 114 164 159 113 101 166 / 176 32 193 176 90 183 / 35 144 202 35 106 197 / 90 22 81 88 24 99 / 
4 114 3 168 112 83 172 / 175 156 189 175 100 187 / 35 131 195 35 95 195 / 83 36 83 83 33 95 / 
4 113 4 169 111 92 168 / 175 4 187 175 101 184 / 35 98 201 34 101 195 / 90 18 81 88 26 102 / 
4 111 172 154 111 109 157 / 175 20 192 174 74 190 / 35 159 196 35 105 197 / 86 18 84 87 40 102 / 
4 112 128 164 112 105 168 / 174 175 198 175 110 193 / 35 62 199 35 103 199 / 86 15 83 90 34 109 / 
4 113 161 153 112 111 166 / 176 146 181 176 111 183 / 35 122 200 35 110 199 / 90 13 85 90 32 108 / 
4 112 23 147 111 98 163 / 175 170 186 175 88 179 / 35 110 201 35 98 198 / 93 18 85 90 31 103 / 
4 112 6 153 111 84 168 / 176 53 170 176 92 175 / 35 85 199 35 94 198 / 86 15 86 88 30 103 / 
4 110 4 179 110 93 171 / 175 7 186 175 102 185 / 35 67 198 35 90 198 / 88 23 80 86 39 94 / 
4 112 8 182 111 94 164 / 35 95 200 35 95 199 / 174 6 181 174 101 182 / 81 21 83 86 35 113 / 
4 111 2 171 111 101 170 / 35 64 203 35 93 201 / 178 11 182 176 92 167 / 81 44 83 81 39 89 / 
4 111 194 183 111 119 165 / 35 54 203 35 87 199 / 176 4 173 175 91 172 / 81 46 80 81 38 89 / 
4 112 188 173 112 115 168 / 35 149 202 35 91 200 / 175 26 186 175 105 172 / 81 23 79 81 29 89 / 
4 112 186 180 112 102 165 / 35 115 198 35 82 198 / 174 159 171 175 104 171 / 81 2 81 81 29 90 / 
4 111 8 175 111 102 163 / 35 92 203 35 94 202 / 174 178 175 174 113 171 / 90 10 77 90 22 92 / 
4 111 195 155 112 116 166 / 35 80 202 35 98 202 / 175 127 160 175 106 159 / 88 10 78 90 26 92 / 
4 112 8 178 113 91 167 / 35 66 202 35 90 202 / 175 121 168 175 96 164 / 90 23 75 94 21 93 / 
4 111 5 173 112 88 169 / 34 85 202 34 90 203 / 176 29 166 176 90 161 / 90 14 76 93 21 106 / 
4 111 176 168 111 121 162 / 34 9 205 34 90 204 / 175 140 167 175 105 160 / 94 16 79 96 18 104 / 
4 113 132 151 112 112 157 / 34 103 207 34 94 205 / 175 13 162 175 80 169 / 94 16 79 94 16 105 / 
4 113 164 156 112 106 158 / 34 104 205 34 99 205 / 174 130 167 174 89 157 / 100 18 82 99 16 110 / 
4 113 1 170 111 94 168 / 34 100 208 34 96 208 / 174 163 166 174 85 158 / 90 33 78 87 20 102 / 
4 112 10 186 112 86 171 / 35 69 212 35 89 208 / 176 122 163 177 113 156 / 81 16 77 81 18 102 / 
4 112 174 172 111 106 166 / 35 83 213 35 85 210 / 177 16 161 177 101 158 / 81 22 82 81 19 103 / 
4 111 43 155 111 93 160 / 35 72 210 35 79 210 / 176 111 150 175 103 151 / 84 17 80 84 15 101 / 
4 112 178 162 112 103 162 / 33 79 213 33 91 212 / 177 31 131 175 77 142 / 81 13 82 84 15 100 / 
4 113 152 178 112 108 160 / 33 129 212 33 93 211 / 177 146 149 176 81 145 / 84 16 78 84 14 96 / 
4 112 161 156 112 102 154 / 33 70 211 33 80 211 / 175 10 156 175 77 147 / 84 8 79 85 12 118 / 
4 112 8 163 112 95 161 / 33 12 213 33 73 212 / 174 10 125 174 86 143 / 90 16 79 90 12 87 / 
5 111 20 160 110 87 159 / 33 32 67 33 34 66 / 33 133 217 33 90 216 / 174 145 148 174 98 144 / 84 16 76 84 13 98 / 
4 111 35 153 111 96 162 / 33 98 216 33 87 216 / 175 14 137 174 84 142 / 90 12 81 90 12 93 / 
4 113 28 163 112 97 164 / 33 43 215 33 83 216 / 174 143 133 174 102 140 / 90 17 74 90 11 86 / 
5 113 77 172 112 91 149 / 30 28 62 33 31 62 / 32 96 218 33 82 217 / 176 35 141 175 82 136 / 90 13 77 90 11 93 / 
3 113 99 157 112 101 154 / 32 105 217 33 97 218 / 176 149 141 176 80 135 / 
4 112 12 177 111 75 169 / 35 93 221 35 92 220 / 173 153 135 172 107 140 / 99 11 84 98 17 105 / 
4 113 3 172 113 69 168 / 35 85 220 35 90 220 / 174 152 137 173 113 139 / 100 12 85 98 18 108 / 
4 112 163 158 112 95 156 / 35 87 222 35 83 221 / 174 81 131 172 84 128 / 98 23 83 81 20 98 / 
4 113 112 158 112 104 157 / 35 94 225 35 91 222 / 173 7 122 172 72 130 / 90 9 80 86 14 111 / 
4 112 10 154 112 101 152 / 35 82 225 35 81 224 / 172 5 130 171 90 138 / 90 18 79 84 14 96 / 
3 111 176 153 111 110 156 / 35 102 226 35 89 224 / 171 17 126 171 77 136 / 
4 111 175 162 110 102 158 / 35 108 226 35 82 224 / 172 6 135 168 70 134 / 90 6 84 90 8 128 / 
4 110 13 129 109 96 152 / 35 73 226 35 73 222 / 174 5 112 172 82 128 / 90 8 79 84 9 124 / 
4 108 171 168 110 117 157 / 35 105 228 35 80 223 / 174 2 131 173 90 132 / 84 7 81 84 10 119 / 
4 109 179 161 109 120 146 / 35 63 225 35 80 225 / 174 144 137 174 86 133 / 84 8 76 84 12 102 / 
4 110 122 142 109 113 142 / 35 131 222 35 77 225 / 173 143 131 173 84 122 / 84 10 79 84 10 106 / 
4 109 157 158 109 123 149 / 35 131 226 35 81 226 / 172 13 125 172 76 125 / 84 17 77 84 12 104 / 
4 109 22 134 110 96 141 / 35 5 227 35 84 227 / 176 42 120 175 96 140 / 90 3 78 84 10 114 / 
4 111 187 158 111 134 150 / 35 22 226 35 77 224 / 176 31 146 175 77 139 / 100 9 82 100 13 121 / 
4 111 177 148 110 130 145 / 35 120 223 35 71 224 / 175 28 115 174 84 128 / 90 9 83 90 17 127 / 
5 109 159 131 110 116 136 / 35 63 225 35 76 225 / 175 32 122 174 84 127 / 150 90 17 150 75 17 / 83 12 81 94 15 121 / 
4 111 171 144 109 120 142 / 35 62 227 35 81 226 / 173 119 119 174 81 122 / 94 12 79 94 14 110 / 
4 111 153 131 110 109 133 / 35 71 223 35 71 224 / 174 122 123 174 79 124 / 90 10 73 85 13 111 / 
4 110 182 140 110 129 140 / 35 67 224 35 83 225 / 175 82 112 175 71 123 / 100 10 77 96 11 116 / 
4 110 11 148 110 103 142 / 34 67 224 34 74 224 / 173 31 105 173 62 116 / 84 11 80 84 11 111 / 
5 111 201 133 110 117 137 / 33 66 223 33 79 224 / 172 118 110 173 77 119 / 50 48 16 40 48 16 / 90 9 81 90 10 111 / 
4 111 134 148 111 124 141 / 33 63 225 34 82 224 / 172 136 123 172 82 128 / 90 8 79 90 12 114 / 
4 110 6 130 110 116 136 / 34 74 227 34 74 224 / 171 145 129 172 99 132 / 100 14 79 98 13 106 / 
4 110 211 154 110 130 142 / 34 64 227 34 77 225 / 172 124 123 172 84 125 / 90 3 82 100 8 124 / 
4 110 3 122 110 109 137 / 34 59 229 34 77 226 / 171 126 129 171 113 128 / 50 6 78 50 7 119 / 
4 111 188 140 110 118 130 / 34 49 223 34 75 224 / 173 43 120 174 77 124 / 70 14 77 71 19 111 / 
4 109 201 121 110 116 128 / 34 46 224 34 69 226 / 174 118 120 175 83 121 / 72 12 72 72 19 113 / 
4 111 3 139 110 129 131 / 34 9 225 34 64 223 / 174 3 117 175 53 122 / 73 19 79 71 19 120 / 
5 110 6 133 110 101 131 / 50 8 93 50 9 84 / 34 65 227 34 81 225 / 175 98 114 175 70 114 / 70 9 82 69 12 111 / 
4 109 188 117 109 120 119 / 32 53 226 32 78 225 / 175 9 109 174 53 126 / 72 30 84 72 24 96 / 
5 110 211 128 110 117 128 / 50 8 92 50 9 86 / 32 34 224 33 81 224 / 174 15 107 174 55 113 / 66 9 84 70 17 103 / 
4 109 25 123 109 106 130 / 32 45 226 32 70 223 / 177 48 109 175 56 116 / 60 5 83 60 9 110 / 
4 110 6 118 109 110 133 / 34 56 223 33 72 223 / 175 10 114 174 56 117 / 60 5 69 65 9 119 / 
4 109 201 129 108 118 126 / 35 54 224 33 75 224 / 176 8 106 176 47 120 / 50 9 72 60 9 107 / 
5 110 10 118 108 109 126 / 50 8 92 50 9 89 / 32 99 222 32 87 223 / 175 6 114 174 47 120 / 60 9 77 60 11 104 / 
5 110 204 125 108 114 126 / 50 8 90 50 9 89 / 34 108 223 33 82 226 / 173 6 99 173 44 117 / 66 11 66 66 11 108 / 
5 110 3 128 110 114 128 / 50 8 91 50 9 87 / 34 127 231 34 79 227 / 172 6 114 173 36 138 / 90 18 80 90 24 105 / 
3 110 10 115 110 109 120 / 34 63 225 34 77 225 / 173 78 103 173 48 125 / 
4 109 185 119 109 102 115 / 34 61 229 34 86 226 / 173 21 106 174 40 125 / 90 27 83 90 22 109 / 
4 110 175 113 109 110 115 / 34 48 228 34 77 225 / 173 32 106 173 50 116 / 90 21 83 90 19 100 / 
5 110 14 115 110 86 126 / 30 8 94 30 9 85 / 34 73 227 34 76 225 / 173 13 103 173 39 135 / 100 8 83 97 13 111 / 
4 108 5 128 109 91 125 / 34 46 227 34 72 225 / 172 51 112 173 61 121 / 84 8 73 84 13 104 / 
4 110 3 113 110 85 124 / 34 124 223 34 65 223 / 172 20 111 173 46 133 / 80 18 78 83 21 97 / 
3 109 6 128 108 77 121 / 34 55 224 34 71 224 / 172 14 113 172 27 138 / 
5 108 199 119 108 120 121 / 30 8 96 30 8 90 / 34 117 226 34 69 224 / 173 64 102 171 51 133 / 90 15 85 87 19 114 / 
4 111 3 121 110 88 126 / 33 35 224 33 71 223 / 173 64 100 170 33 129 / 84 34 157 84 22 113 / 
4 113 181 133 112 110 127 / 33 119 224 33 72 223 / 170 17 116 170 47 128 / 90 8 74 86 19 116 / 
5 111 196 136 110 103 116 / 33 51 224 33 67 223 / 60 43 18 53 44 21 / 172 17 108 172 40 125 / 87 15 92 84 22 111 / 
4 110 13 118 110 93 122 / 34 90 226 34 80 225 / 170 53 101 171 52 115 / 50 10 77 70 10 105 / 
4 109 23 114 109 97 118 / 34 61 226 34 69 225 / 170 35 102 171 49 130 / 50 11 72 66 11 103 / 
5 113 185 138 112 120 133 / 34 104 226 34 73 224 / 40 45 17 50 45 19 / 172 23 98 173 49 133 / 50 10 71 72 10 108 / 
5 113 22 117 110 88 129 / 34 80 225 34 80 226 / 30 38 20 30 33 23 / 175 54 100 175 49 136 / 70 21 79 71 16 101 / 
4 112 3 131 111 113 129 / 34 61 227 34 73 225 / 173 23 99 174 50 134 / 70 13 78 69 14 107 / 
5 111 5 117 110 92 118 / 34 129 230 34 78 228 / 30 40 19 30 40 20 / 173 16 152 174 46 143 / 60 10 75 65 13 120 / 
4 111 90 125 110 98 115 / 34 134 233 34 76 227 / 173 30 102 174 42 139 / 66 13 79 70 13 105 / 
4 113 17 126 111 99 122 / 34 26 224 34 81 226 / 175 19 103 174 44 143 / 60 5 79 70 11 100 / 
5 110 10 119 110 89 123 / 34 67 228 34 78 228 / 30 32 24 30 32 24 / 172 30 114 172 47 137 / 90 6 73 90 7 119 / 
5 111 58 121 111 95 121 / 34 65 228 34 80 227 / 30 38 20 30 33 24 / 172 36 111 172 52 128 / 90 9 82 80 9 111 / 
5 114 122 113 112 99 123 / 34 65 226 34 80 227 / 0 51 19 15 48 24 / 171 24 115 172 55 130 / 60 4 83 80 9 103 / 
5 110 196 126 110 96 127 / 34 63 225 34 82 228 / 50 40 19 40 40 20 / 170 16 116 170 45 137 / 0 0 77 73 8 112 / 
5 113 5 120 111 98 127 / 34 75 228 34 86 229 / 50 33 24 15 51 25 / 170 2 119 169 23 125 / 70 14 84 70 18 110 / 
3 112 36 128 110 92 127 / 34 108 229 34 93 229 / 69 5 76 66 10 125 / 
5 111 29 112 111 90 117 / 34 102 228 34 86 228 / 170 3 118 169 40 127 / 165 30 19 165 34 18 / 90 6 76 83 11 116 / 
4 113 159 128 112 94 122 / 33 110 229 33 83 227 / 170 3 117 166 23 141 / 75 9 84 75 23 104 / 
5 113 22 118 113 89 125 / 33 48 227 33 71 227 / 30 51 15 30 43 18 / 171 11 123 171 48 132 / 90 5 74 79 11 120 / 
5 111 188 120 111 94 128 / 33 69 228 33 70 226 / 0 27 26 12 42 29 / 173 43 100 173 42 126 / 71 2 76 70 16 114 / 
4 33 119 232 33 75 228 / 112 43 131 110 99 129 / 169 20 110 169 52 130 / 72 9 79 73 19 111 / 
4 33 97 230 33 74 229 / 111 81 124 109 90 119 / 165 44 98 168 50 126 / 72 11 78 72 20 100 / 
3 33 95 229 33 71 227 / 112 24 134 111 92 129 / 168 31 117 168 48 131 / 
4 33 58 229 33 69 227 / 112 41 109 110 85 122 / 170 24 107 170 44 134 / 81 15 80 86 18 107 / 
4 33 43 230 33 62 227 / 111 33 123 110 93 131 / 170 3 112 169 42 139 / 81 11 76 90 16 109 / 
4 33 37 232 33 65 228 / 110 11 123 109 91 137 / 20 8 128 165 24 146 / 90 18 77 94 15 113 / 
4 35 3 230 35 73 230 / 111 10 135 111 78 137 / 170 12 103 170 34 143 / 50 10 75 60 9 112 / 
4 35 4 230 35 62 231 / 111 29 131 111 87 133 / 172 14 94 172 43 127 / 50 8 76 53 8 118 / 
4 35 116 236 35 73 233 / 113 171 127 112 82 130 / 171 6 116 169 40 126 / 50 10 78 50 8 107 / 
4 35 56 234 35 68 234 / 111 16 116 109 83 123 / 171 26 124 170 42 125 / 50 10 76 60 9 108 / 
4 35 51 236 35 66 234 / 111 44 128 111 92 133 / 173 4 117 173 39 136 / 66 11 81 73 14 105 / 
4 35 22 238 35 66 234 / 112 40 134 111 88 133 / 0 34 111 173 35 131 / 66 17 77 75 13 112 / 
4 35 46 236 35 65 234 / 112 56 139 111 92 138 / 173 10 102 173 42 141 / 66 16 80 72 12 104 / 
4 35 13 235 35 53 235 / 113 18 126 111 86 130 / 173 41 99 172 42 138 / 66 17 77 68 14 92 / 
4 35 43 235 35 60 235 / 113 171 123 112 98 134 / 171 11 98 171 40 133 / 84 9 72 78 11 106 / 
4 35 70 242 35 71 239 / 111 60 128 111 100 139 / 171 13 124 171 46 135 / 66 17 76 66 12 99 / 
4 35 58 237 35 66 237 / 113 83 133 113 98 144 / 173 42 116 172 51 137 / 84 17 73 84 11 102 / 
4 35 111 238 35 77 238 / 112 58 124 111 92 143 / 169 32 104 169 51 139 / 84 17 76 84 13 87 / 
4 35 59 236 36 63 236 / 111 13 144 112 107 153 / 175 7 119 174 45 121 / 80 3 80 80 23 115 / 
4 35 109 242 36 66 239 / 111 14 145 111 82 153 / 175 78 101 175 47 131 / 81 17 74 81 19 116 / 
4 36 63 241 36 65 237 / 113 21 161 113 84 157 / 172 11 118 172 52 133 / 81 32 79 81 23 97 / 
4 36 66 239 36 65 237 / 112 25 156 111 104 151 / 172 3 120 172 37 133 / 81 15 79 81 18 112 / 
4 36 91 243 36 72 239 / 112 168 141 112 100 144 / 172 11 117 172 66 135 / 81 24 75 81 15 106 / 
4 36 58 239 36 67 239 / 112 29 142 112 92 147 / 172 83 120 173 58 139 / 81 24 75 83 16 117 / 
4 35 2 235 36 58 237 / 111 98 140 112 96 147 / 171 20 117 171 55 129 / 81 33 78 81 22 92 / 
5 36 46 236 36 63 239 / 111 17 137 111 72 153 / 168 64 120 169 64 124 / 0 0 12 120 23 14 / 81 34 77 81 23 98 / 
4 36 57 237 36 69 239 / 112 30 144 112 93 150 / 174 34 130 174 52 133 / 90 26 80 94 18 95 / 
4 36 54 237 36 58 238 / 114 10 165 113 79 166 / 174 95 121 174 80 121 / 90 20 76 90 19 91 / 
4 36 67 237 36 64 238 / 114 157 146 113 89 155 / 176 30 119 173 62 135 / 100 10 77 100 14 111 / 
4 36 94 238 36 63 238 / 115 27 141 114 81 154 / 175 23 122 174 51 127 / 94 23 75 94 16 96 / 
4 36 14 236 36 64 237 / 112 14 155 112 86 156 / 170 29 144 168 54 139 / 81 11 79 81 28 108 / 
4 36 53 237 36 62 237 / 112 174 170 112 94 164 / 171 8 135 171 52 135 / 81 20 77 81 30 97 / 
4 36 31 235 36 59 238 / 112 23 167 115 78 172 / 175 19 116 175 51 133 / 90 14 75 88 26 98 / 
4 36 91 235 36 63 237 / 114 38 169 113 92 163 / 174 4 150 174 68 138 / 90 26 77 88 25 99 / 
4 36 40 234 36 57 236 / 114 9 150 112 92 161 / 173 12 145 173 58 143 / 90 20 75 87 20 91 / 
4 35 5 236 36 57 237 / 113 6 141 112 89 158 / 174 11 134 173 61 137 / 90 17 74 86 18 102 / 
4 36 55 235 36 66 237 / 111 28 160 110 81 159 / 174 130 122 174 77 135 / 90 17 72 86 19 92 / 
4 36 62 238 36 73 237 / 115 95 158 112 107 162 / 174 139 138 173 82 135 / 90 32 73 87 22 103 / 
4 35 69 232 36 67 236 / 113 128 137 113 90 153 / 174 8 132 173 69 138 / 90 28 74 90 20 105 / 
4 36 66 240 36 76 236 / 113 17 142 113 76 162 / 173 17 125 173 64 132 / 81 34 78 81 26 80 / 
4 36 109 233 36 62 235 / 117 27 157 114 80 163 / 173 6 124 172 60 135 / 90 36 77 84 27 86 / 
4 35 61 241 35 71 236 / 113 63 143 114 84 147 / 173 15 115 172 61 130 / 90 40 76 82 25 93 / 
5 35 101 236 35 79 236 / 113 9 132 113 84 155 / 174 0 145 174 59 133 / 50 70 11 50 59 13 / 90 4 76 81 15 97 / 
4 35 128 240 35 81 236 / 113 45 158 113 85 158 / 174 6 108 173 48 136 / 90 6 73 80 17 101 / 
4 35 105 235 35 73 235 / 114 20 153 112 68 160 / 174 7 123 172 66 139 / 80 6 77 80 20 92 / 
4 35 10 231 35 54 233 / 115 11 157 114 82 169 / 175 10 149 174 59 146 / 81 6 77 79 26 89 / 
4 35 3 229 35 56 233 / 115 170 175 113 87 171 / 176 15 130 175 84 134 / 90 7 77 90 19 101 / 
4 35 85 232 35 71 234 / 113 4 165 112 79 166 / 176 14 131 175 84 138 / 90 7 76 90 18 94 / 
4 35 51 237 35 75 234 / 112 51 178 112 95 161 / 174 10 137 174 75 137 / 90 7 70 90 20 85 / 
4 35 86 231 35 75 234 / 112 36 152 112 90 161 / 173 6 134 172 58 138 / 90 7 79 93 16 103 / 
4 35 88 233 35 67 233 / 113 32 158 112 84 165 / 174 8 124 174 64 138 / 90 7 75 90 18 93 / 
4 35 113 234 35 74 233 / 113 57 170 113 95 163 / 173 9 131 172 33 144 / 90 4 76 90 23 91 / 
4 35 89 233 35 78 234 / 113 55 147 112 86 161 / 171 150 144 171 88 143 / 90 36 79 90 24 83 / 
4 35 122 237 35 82 233 / 114 25 216 112 82 169 / 172 9 138 171 63 146 / 90 19 74 88 22 93 / 
4 35 115 238 35 82 233 / 111 7 160 111 70 169 / 176 10 148 173 59 152 / 81 70 76 81 47 85 / 
4 35 85 229 35 76 231 / 113 32 158 112 93 157 / 173 15 142 173 79 145 / 81 9 80 81 30 111 / 
4 35 85 229 35 78 231 / 113 166 161 113 93 160 / 173 13 142 172 66 152 / 81 9 79 83 34 98 / 
4 35 115 232 35 78 232 / 113 14 149 112 84 164 / 172 10 145 172 75 146 / 81 17 76 81 31 104 / 
4 35 72 230 35 74 230 / 113 25 139 112 84 174 / 172 19 147 168 51 157 / 81 12 81 81 28 102 / 
4 35 55 228 35 72 230 / 111 9 230 111 78 173 / 172 9 143 171 79 153 / 76 12 78 79 35 97 / 
4 35 125 228 35 73 230 / 113 86 166 113 91 160 / 172 14 146 172 77 153 / 76 12 80 79 38 88 / 
4 35 35 231 35 65 231 / 113 4 166 112 88 157 / 174 8 159 173 48 159 / 76 12 77 77 30 105 / 
4 35 45 231 35 69 230 / 113 10 157 113 92 152 / 173 8 157 172 85 160 / 76 10 81 80 33 92 / 
4 35 59 231 35 76 231 / 112 13 155 111 84 155 / 173 145 163 172 85 159 / 77 13 78 79 36 89 / 
4 35 119 227 35 80 231 / 115 181 173 115 84 161 / 173 5 162 173 86 162 / 81 9 79 80 34 96 / 
4 35 100 229 35 81 232 / 111 184 156 111 88 163 / 173 5 159 173 65 157 / 77 6 77 77 37 107 / 
4 35 97 235 35 89 232 / 113 28 164 112 81 168 / 173 16 167 173 81 169 / 80 10 76 80 36 100 / 
4 35 117 229 35 77 231 / 114 20 161 113 64 170 / 174 3 174 173 74 170 / 80 13 83 80 46 113 / 
4 35 99 227 35 78 231 / 113 15 157 113 90 166 / 174 38 163 174 75 163 / 80 16 87 79 47 108 / 
4 35 111 226 35 74 231 / 113 6 163 113 97 151 / 174 5 166 174 80 172 / 80 14 86 79 47 107 / 
4 35 62 234 35 83 231 / 115 177 163 112 93 161 / 174 1 167 174 51 177 / 80 14 84 80 48 97 / 
4 35 57 227 35 81 231 / 115 11 164 113 97 148 / 174 7 182 173 60 174 / 80 14 88 80 50 101 / 
5 35 90 228 35 85 229 / 50 11 72 50 11 69 / 113 171 160 113 88 157 / 174 9 185 172 61 190 / 83 14 85 82 37 111 / 
5 35 119 235 35 81 231 / 50 11 71 50 11 70 / 173 14 194 173 69 179 / 113 173 164 113 95 159 / 81 58 84 81 48 101 / 
4 35 133 233 35 89 230 / 173 11 181 173 71 178 / 114 167 169 114 95 162 / 81 50 85 83 46 98 / 
5 35 124 229 35 85 229 / 50 9 84 50 9 85 / 175 10 191 174 75 184 / 114 168 173 112 89 158 / 81 8 87 83 39 113 / 
5 35 89 229 35 84 230 / 50 9 88 50 9 86 / 173 30 193 173 72 184 / 115 132 156 114 97 164 / 81 68 87 82 56 108 / 
4 35 136 228 35 87 229 / 173 6 197 174 76 195 / 115 16 142 113 83 161 / 81 50 90 81 54 99 / 
4 33 56 234 34 87 227 / 177 8 178 176 71 197 / 113 167 165 112 82 166 / 80 26 89 80 45 110 / 
4 34 67 233 34 93 227 / 176 143 189 176 77 193 / 112 30 148 112 81 159 / 81 3 88 80 42 95 / 
5 33 71 231 33 88 226 / 177 140 195 176 68 196 / 50 7 106 50 8 97 / 112 26 155 112 86 162 / 80 2 88 80 29 111 / 
5 34 145 226 34 93 227 / 177 6 207 176 65 197 / 50 7 100 50 8 100 / 112 27 154 111 79 155 / 80 12 90 80 36 108 / 
4 34 136 224 34 90 226 / 176 1 214 176 73 194 / 113 14 220 112 55 177 / 80 21 86 79 43 104 / 
4 34 63 233 34 91 227 / 176 7 207 175 44 209 / 115 77 166 112 79 158 / 80 3 96 80 35 112 / 
4 34 124 233 34 100 228 / 176 3 197 175 63 204 / 113 32 163 113 78 167 / 78 84 91 78 44 107 / 
4 34 125 232 34 102 229 / 175 9 219 175 61 206 / 114 22 165 112 73 175 / 83 3 100 82 43 114 / 
5 34 137 231 34 92 227 / 175 7 219 175 47 208 / 50 8 97 50 8 94 / 113 11 164 112 72 172 / 83 7 100 86 43 108 / 
5 34 139 229 33 98 227 / 176 116 227 176 83 213 / 50 8 105 50 8 97 / 114 84 153 113 88 160 / 75 7 109 79 39 124 / 
4 34 118 229 33 100 227 / 176 22 216 175 71 209 / 113 20 145 113 90 165 / 76 31 99 78 51 107 / 
4 34 134 226 34 102 226 / 175 132 218 175 82 214 / 113 64 143 113 95 157 / 76 4 96 80 36 118 / 
4 33 140 229 33 91 226 / 175 121 222 175 75 209 / 113 173 159 113 87 166 / 80 8 103 80 45 111 / 
4 33 94 227 33 97 226 / 175 36 218 175 77 209 / 113 165 145 113 89 154 / 80 11 101 81 36 124 / 
4 33 135 232 32 106 226 / 173 96 209 174 80 214 / 113 23 154 113 73 144 / 80 1 105 80 58 118 / 
4 32 130 227 32 108 225 / 174 139 214 174 74 212 / 113 11 148 113 84 159 / 80 1 112 80 49 126 / 
4 33 141 229 33 99 224 / 174 140 217 174 81 216 / 113 173 174 113 97 157 / 80 25 105 81 54 127 / 
4 33 134 229 32 103 225 / 175 26 214 175 68 214 / 114 170 167 114 98 158 / 80 19 110 80 50 126 / 
4 33 121 226 33 95 224 / 174 29 228 174 72 213 / 114 172 167 114 99 158 / 80 15 110 81 43 123 / 
4 33 107 232 33 99 223 / 175 122 189 175 76 203 / 80 24 108 81 48 125 / 114 172 176 114 98 159 / 
4 33 111 231 33 101 226 / 174 108 210 174 85 210 / 80 17 117 80 55 132 / 114 177 163 114 87 164 / 
4 34 95 232 34 93 226 / 174 7 215 174 80 205 / 80 32 116 80 51 130 / 114 179 169 113 85 169 / 
4 33 147 226 33 105 226 / 173 17 228 173 71 213 / 80 6 116 80 45 129 / 114 179 174 113 84 170 / 
4 34 134 227 34 104 226 / 173 85 203 173 81 205 / 80 9 119 80 43 131 / 114 179 174 113 81 168 / 
4 33 112 225 33 90 224 / 176 151 229 175 82 221 / 80 1 123 80 42 136 / 112 4 160 112 84 166 / 
4 33 141 227 33 107 226 / 176 7 224 174 73 215 / 80 24 122 80 45 133 / 112 169 144 111 96 158 / 
4 33 137 223 33 101 224 / 175 123 209 175 91 207 / 80 10 126 80 51 133 / 111 171 149 111 88 159 / 
4 34 137 232 33 93 224 / 176 147 220 175 89 217 / 80 10 118 80 47 133 / 112 23 150 111 87 160 / 
4 33 66 226 33 96 226 / 175 5 188 174 78 204 / 80 107 120 80 57 131 / 112 168 143 111 87 160 / 
4 33 88 226 34 91 226 / 176 7 220 174 58 207 / 80 16 122 80 47 137 / 112 166 139 111 103 148 / 
4 33 74 228 33 91 225 / 176 144 188 175 79 199 / 80 10 128 80 47 134 / 112 159 153 112 97 156 / 
4 33 97 226 33 94 225 / 175 149 201 175 80 210 / 80 59 121 80 53 135 / 112 168 161 112 98 164 / 
4 33 89 225 33 87 224 / 175 151 219 175 92 213 / 80 77 122 80 46 134 / 112 9 151 111 76 164 / 
4 34 88 230 33 92 224 / 175 5 221 175 81 214 / 80 82 126 81 49 130 / 113 158 152 113 94 162 / 
4 33 69 225 33 91 224 / 175 123 205 175 86 205 / 80 21 130 80 50 143 / 113 23 144 112 99 171 / 
4 34 135 230 34 90 224 / 176 17 217 176 79 210 / 80 13 135 80 47 149 / 113 164 159 113 90 158 / 
4 35 134 227 33 100 225 / 177 161 192 175 95 202 / 78 10 134 78 40 143 / 114 20 158 114 80 155 / 
4 33 118 220 33 87 221 / 177 131 200 176 92 202 / 78 17 135 78 51 142 / 112 12 154 112 84 161 / 
4 33 83 224 33 86 221 / 176 151 197 176 92 204 / 78 51 133 78 46 139 / 113 21 161 113 83 165 / 
4 33 144 220 33 96 221 / 176 156 208 176 77 206 / 78 5 134 77 40 149 / 116 24 227 115 67 178 / 
4 33 60 224 33 83 220 / 176 5 209 176 68 207 / 78 5 136 77 41 144 / 114 70 153 114 78 158 / 
4 33 142 225 33 105 220 / 176 8 209 176 80 209 / 77 5 132 76 38 147 / 113 14 156 114 74 170 / 
4 33 84 220 33 89 219 / 176 150 202 176 92 210 / 78 4 134 76 30 156 / 115 72 156 114 86 163 / 
4 33 80 226 33 97 219 / 175 152 232 175 83 212 / 77 5 137 76 33 156 / 113 101 149 113 89 159 / 
4 33 101 223 33 102 217 / 175 31 196 176 90 202 / 78 49 136 77 40 144 / 116 24 144 114 89 160 / 
4 33 75 219 33 96 218 / 175 12 211 175 87 205 / 78 5 140 77 40 149 / 115 15 142 115 72 163 / 
4 33 66 217 33 100 216 / 174 5 198 174 62 205 / 78 2 138 77 42 151 / 115 142 159 114 83 156 / 
4 33 143 219 33 105 215 / 175 156 203 175 97 198 / 78 12 141 77 44 148 / 117 28 159 116 78 170 / 
4 33 83 216 33 97 215 / 175 161 225 175 102 202 / 78 5 137 76 31 160 / 114 22 144 114 69 168 / 
4 33 96 212 33 96 213 / 175 149 195 175 92 205 / 77 20 140 77 33 149 / 112 22 154 112 86 165 / 
4 33 159 220 33 106 213 / 176 22 202 175 88 207 / 78 6 140 77 36 165 / 114 161 161 112 101 163 / 
4 34 162 219 34 114 215 / 176 18 218 175 87 211 / 78 74 142 78 47 153 / 111 166 162 112 91 165 / 
4 34 153 214 34 95 211 / 176 169 202 176 87 201 / 78 6 142 77 37 153 / 114 161 171 113 85 169 / 
4 34 107 212 34 102 211 / 175 8 197 175 86 198 / 78 47 136 78 44 142 / 117 3 226 113 56 184 / 
4 33 116 216 33 116 212 / 175 174 185 175 103 190 / 78 8 132 78 33 149 / 113 8 157 114 79 169 / 
4 34 148 209 34 100 209 / 177 5 188 176 93 197 / 78 83 132 77 42 148 / 113 155 162 114 85 169 / 
4 34 167 211 34 120 210 / 176 5 202 176 83 201 / 78 9 130 76 32 147 / 118 20 171 115 77 174 / 
4 34 129 212 34 110 209 / 176 128 199 176 102 196 / 78 38 126 78 40 133 / 115 9 228 116 51 179 / 
4 34 123 207 34 114 208 / 175 185 228 175 96 196 / 78 7 127 77 44 142 / 119 140 168 117 78 172 / 
4 34 144 213 34 112 206 / 175 186 195 175 97 193 / 78 11 126 77 43 146 / 115 152 168 115 86 176 / 
4 32 154 207 32 121 206 / 176 6 211 176 79 194 / 78 5 126 77 59 133 / 114 14 235 113 67 190 / 
4 33 151 205 33 115 205 / 177 172 190 176 104 186 / 78 21 123 77 51 134 / 114 164 178 113 85 173 / 
4 33 164 209 33 128 206 / 176 168 184 176 101 193 / 78 13 120 77 48 129 / 111 49 171 111 90 168 / 
4 33 119 207 33 123 204 / 177 180 190 177 108 190 / 78 5 122 77 58 132 / 111 45 150 112 79 155 / 
4 33 95 203 33 106 203 / 176 180 193 176 116 191 / 78 124 121 78 60 123 / 115 157 147 114 75 161 / 
4 34 129 204 33 118 203 / 78 11 121 77 52 139 / 177 191 199 177 114 200 / 116 24 149 115 77 156 / 
4 78 10 119 77 51 140 / 33 151 203 33 121 203 / 177 190 172 177 99 186 / 115 24 148 115 76 160 / 
4 78 5 114 76 34 146 / 34 110 201 34 118 201 / 177 5 184 177 103 191 / 117 35 150 116 75 153 / 
4 78 16 114 77 61 122 / 33 156 203 33 121 201 / 177 185 192 177 103 199 / 118 33 138 116 76 158 / 
4 78 30 111 77 47 127 / 33 168 203 33 122 201 / 176 5 206 175 86 200 / 116 43 146 115 75 157 / 
4 78 20 112 78 62 123 / 33 122 200 33 120 199 / 176 25 192 176 100 191 / 118 24 157 115 62 169 / 
4 78 12 113 77 63 125 / 33 158 203 33 117 200 / 176 11 200 176 76 198 / 115 59 147 114 77 153 / 
4 78 5 115 77 56 136 / 34 85 200 34 113 199 / 177 4 176 177 84 188 / 115 34 155 115 75 162 / 
4 78 4 114 77 59 128 / 34 122 200 34 113 198 / 177 14 195 176 89 184 / 115 34 151 114 73 166 / 
4 78 11 110 77 52 132 / 34 134 199 34 121 199 / 176 8 192 176 88 201 / 115 17 149 115 70 169 / 
4 78 20 112 77 68 129 / 33 168 198 33 118 198 / 176 4 199 176 73 200 / 114 32 165 114 77 178 / 
4 78 17 110 77 61 127 / 33 150 198 33 115 198 / 176 30 192 176 98 195 / 115 23 181 115 73 184 / 
4 78 14 113 78 70 118 / 33 111 202 33 115 198 / 175 7 189 175 91 195 / 115 16 182 115 75 178 / 
4 78 4 111 77 60 125 / 33 87 196 33 108 196 / 175 178 194 175 98 196 / 113 28 161 113 82 184 / 
4 78 4 113 77 60 126 / 33 172 201 33 111 197 / 176 170 199 176 112 200 / 114 12 173 115 70 186 / 
4 78 21 112 77 61 119 / 34 170 199 34 109 197 / 176 39 186 176 93 194 / 114 17 176 114 85 179 / 
4 78 32 110 78 61 114 / 34 164 195 34 109 196 / 176 170 188 176 82 200 / 114 83 180 114 90 178 / 
3 78 7 116 78 64 117 / 33 175 200 33 108 196 / 176 173 201 176 91 203 / 
3 78 7 117 78 65 117 / 33 165 196 33 115 197 / 176 173 174 176 87 189 / 
3 78 7 113 77 61 119 / 33 133 196 33 125 196 / 175 8 202 175 81 203 / 
3 78 13 113 77 65 117 / 33 164 198 33 110 196 / 175 8 194 174 62 196 / 
3 78 6 112 78 62 123 / 33 109 197 33 111 195 / 175 11 191 175 90 196 / 
3 78 9 114 78 68 119 / 33 111 200 33 118 197 / 175 28 194 175 84 198 / 
3 78 7 117 77 66 123 / 33 168 195 33 112 195 / 175 162 205 175 98 202 / 
3 78 5 115 78 67 116 / 33 129 201 33 117 197 / 177 5 184 176 81 193 / 
3 78 8 114 77 59 123 / 33 88 196 33 111 197 / 175 22 181 176 74 193 / 
3 78 5 115 78 64 123 / 33 159 201 33 106 197 / 176 164 206 176 80 198 / 
3 78 4 111 78 65 124 / 33 166 197 33 113 197 / 176 113 187 176 96 191 / 
3 78 7 114 78 63 119 / 34 48 199 34 104 198 / 176 165 198 176 77 197 / 
3 78 4 110 77 55 126 / 34 133 203 34 120 199 / 175 12 177 175 84 187 / 
4 78 5 112 77 59 134 / 115 17 197 113 81 186 / 33 117 197 33 112 197 / 175 100 190 176 100 176 / 
4 78 5 116 78 63 131 / 113 14 182 113 97 182 / 35 95 198 35 108 198 / 177 174 200 175 80 191 / 
4 78 26 112 78 70 124 / 113 11 194 113 95 187 / 35 170 204 35 113 199 / 176 7 208 47 72 201 / 
4 78 5 113 77 63 123 / 113 8 193 113 69 184 / 35 148 205 35 123 201 / 176 101 189 176 96 189 / 
4 78 73 112 78 62 124 / 112 14 193 113 92 190 / 35 117 200 35 114 199 / 176 37 197 176 90 197 / 
4 78 4 111 77 62 129 / 111 16 184 111 95 188 / 35 155 196 35 106 198 / 177 174 195 176 111 195 / 
4 78 11 112 77 60 125 / 111 18 192 111 92 181 / 35 86 199 35 113 199 / 177 170 213 176 108 196 / 
4 78 9 112 77 65 114 / 111 177 192 111 111 185 / 35 91 198 35 105 199 / 179 9 203 176 90 186 / 
4 78 8 113 77 60 127 / 113 9 194 113 86 182 / 35 91 200 35 100 196 / 176 4 168 174 88 184 / 
4 78 28 111 77 61 115 / 111 11 172 111 75 184 / 35 88 198 35 98 198 / 176 8 210 175 95 193 / 
4 78 67 111 78 70 118 / 112 180 193 112 98 178 / 35 63 200 35 91 193 / 176 5 188 176 94 186 / 
4 78 4 113 78 58 118 / 112 12 190 112 85 180 / 35 91 200 35 96 198 / 176 5 189 176 83 188 / 
4 78 5 117 78 65 125 / 112 15 182 112 92 180 / 35 146 197 35 103 197 / 177 9 199 176 85 191 / 
4 80 4 113 80 68 124 / 113 14 190 112 92 181 / 35 165 203 35 117 199 / 176 10 178 175 88 187 / 
4 80 15 117 80 64 124 / 113 20 186 112 91 182 / 35 105 197 35 105 196 / 177 110 182 176 104 183 / 
4 80 1 116 80 64 131 / 113 18 157 113 89 176 / 34 74 198 34 95 197 / 177 8 195 175 81 183 / 
4 80 15 114 80 63 124 / 114 13 184 112 63 184 / 34 77 199 34 99 197 / 177 154 176 176 98 173 / 
4 80 112 114 80 66 118 / 113 11 176 113 101 183 / 34 174 199 34 100 195 / 175 128 172 175 105 169 / 
4 80 17 113 80 76 131 / 113 166 177 112 80 184 / 34 176 200 34 109 198 / 178 19 179 176 88 173 / 
4 80 1 114 80 62 135 / 113 168 186 112 84 176 / 34 47 200 34 100 196 / 175 4 171 175 78 171 / 
4 80 38 116 80 66 120 / 113 8 193 113 47 182 / 34 66 194 34 93 195 / 175 144 171 176 92 171 / 
4 80 1 115 80 60 137 / 113 166 164 111 94 165 / 34 126 198 34 100 197 / 174 137 170 174 97 174 / 
4 80 21 112 79 54 114 / 113 162 173 112 98 174 / 35 126 201 35 104 196 / 176 151 170 176 97 171 / 
4 80 34 114 80 57 119 / 111 12 183 111 89 179 / 34 122 197 34 100 198 / 176 131 159 176 87 166 / 
4 80 142 118 80 72 125 / 112 13 183 112 78 178 / 35 124 199 35 101 198 / 176 161 181 176 98 169 / 
4 80 44 113 80 67 124 / 113 3 177 112 96 181 / 35 23 203 35 97 199 / 175 15 187 175 92 171 / 
4 80 13 114 79 58 130 / 112 169 181 113 104 173 / 35 89 204 35 95 198 / 175 144 170 175 102 168 / 
4 80 5 115 79 38 150 / 114 9 180 112 81 180 / 35 88 200 35 92 196 / 174 4 169 174 110 170 / 
4 78 56 112 78 60 115 / 114 49 177 113 93 173 / 35 165 202 35 91 197 / 175 168 151 175 100 163 / 
4 78 124 115 78 58 125 / 114 14 174 113 92 180 / 35 85 199 35 97 199 / 176 133 157 175 95 157 / 
4 79 30 112 78 62 122 / 113 6 164 112 94 180 / 35 133 200 35 103 200 / 174 154 150 174 87 148 / 
4 77 7 117 77 68 122 / 113 128 179 112 95 176 / 35 70 197 35 89 197 / 174 4 164 174 58 164 / 
4 77 18 117 77 65 125 / 114 8 190 113 80 182 / 35 98 202 35 93 200 / 176 138 164 176 89 157 / 
4 77 14 113 77 60 136 / 113 20 179 112 83 178 / 35 85 202 35 95 201 / 175 152 154 176 107 152 / 
4 77 12 118 77 65 126 / 112 13 184 111 85 181 / 35 57 205 35 89 200 / 175 162 171 175 95 155 / 
4 77 12 114 77 63 137 / 113 16 183 113 74 183 / 35 69 205 35 89 202 / 173 141 150 173 99 152 / 
4 75 28 114 75 62 121 / 113 18 187 112 70 183 / 35 139 207 35 91 202 / 174 128 130 175 98 135 / 
4 80 84 114 80 74 123 / 111 9 163 111 56 179 / 36 62 201 34 80 202 / 173 24 151 173 87 148 / 
4 80 47 116 80 69 118 / 113 40 157 112 85 167 / 36 45 207 36 80 202 / 174 13 148 174 100 153 / 
4 78 1 113 78 61 135 / 113 26 170 113 83 176 / 35 48 205 35 82 205 / 175 141 146 175 126 144 / 
3 78 129 115 78 69 125 / 113 13 159 112 75 173 / 175 7 136 174 87 148 / 
4 79 27 115 79 65 120 / 113 27 196 113 79 175 / 35 118 210 35 98 208 / 174 13 128 174 85 144 / 
4 78 1 114 78 48 133 / 114 160 167 113 101 171 / 34 135 211 34 94 209 / 176 151 137 175 84 141 / 
4 77 129 115 77 66 121 / 113 4 183 112 92 179 / 34 146 210 34 75 210 / 173 145 128 173 75 145 / 
4 77 30 116 77 72 116 / 113 148 162 112 95 172 / 34 70 210 34 90 209 / 175 168 151 175 91 143 / 
4 77 4 116 77 67 125 / 112 147 172 111 109 174 / 34 89 210 34 89 210 / 173 19 137 173 76 140 / 
4 77 11 116 77 63 132 / 113 9 185 111 74 186 / 34 142 212 34 89 213 / 173 136 144 173 105 139 / 
4 77 6 113 77 61 123 / 111 160 186 112 98 179 / 34 83 213 34 84 213 / 176 10 145 175 66 145 / 
4 77 25 111 77 57 120 / 112 13 180 112 86 179 / 34 98 215 34 82 214 / 176 22 145 175 84 139 / 
4 80 29 116 79 58 122 / 111 178 181 111 95 175 / 35 87 217 35 97 217 / 176 148 137 176 100 138 / 
4 78 4 114 78 57 126 / 112 175 178 112 105 171 / 34 50 216 34 78 216 / 176 5 120 172 75 129 / 
4 80 38 115 79 62 121 / 112 2 154 111 91 172 / 34 70 218 34 85 218 / 175 107 133 172 99 131 / 
4 80 12 113 78 58 123 / 112 145 159 112 101 173 / 34 63 220 34 82 218 / 175 86 142 175 84 136 / 
4 78 14 114 79 52 126 / 113 28 174 112 93 179 / 34 99 222 34 83 219 / 176 16 141 175 86 137 / 
4 80 28 110 80 58 121 / 113 163 177 112 102 169 / 34 93 222 34 92 221 / 178 11 121 174 73 128 / 
4 80 9 112 82 50 126 / 112 174 175 112 106 172 / 34 77 222 34 85 222 / 176 108 122 174 80 126 / 
4 80 41 119 81 55 121 / 111 44 167 112 105 167 / 34 80 221 34 88 221 / 177 128 122 173 86 129 / 
4 79 18 112 80 48 118 / 111 7 191 111 98 165 / 34 74 225 34 83 223 / 175 102 122 174 90 123 / 
4 80 36 119 80 59 121 / 112 6 168 111 88 176 / 34 90 221 34 78 221 / 175 122 122 175 97 127 / 
4 80 44 112 80 56 122 / 112 4 178 111 108 170 / 34 79 224 34 87 224 / 174 128 129 173 107 128 / 
4 80 116 113 80 56 122 / 112 13 151 112 104 167 / 34 102 224 34 87 223 / 174 128 129 173 91 127 / 
4 80 21 120 80 58 124 / 112 182 176 111 100 171 / 35 11 224 35 79 223 / 175 13 131 174 54 125 / 
4 80 15 118 80 60 129 / 112 185 165 111 101 172 / 35 67 223 35 82 224 / 174 19 128 173 55 132 / 
4 80 22 118 80 60 133 / 112 14 166 111 105 169 / 35 21 227 35 77 226 / 173 3 131 171 48 135 / 
4 111 5 169 111 98 170 / 80 18 115 80 59 135 / 35 121 227 35 79 225 / 173 16 129 173 69 131 / 
4 112 6 190 112 83 169 / 80 21 115 80 58 139 / 35 67 226 35 77 225 / 172 46 120 172 85 139 / 
4 112 182 158 112 114 159 / 80 64 116 80 65 122 / 35 69 227 35 74 225 / 172 5 134 171 76 133 / 
4 112 161 165 112 116 163 / 80 30 117 81 58 126 / 35 40 226 35 71 225 / 171 2 126 171 75 126 / 
4 112 173 158 112 116 163 / 80 11 121 81 55 127 / 35 73 225 35 80 225 / 172 11 116 169 59 126 / 
4 111 180 183 111 104 165 / 80 29 116 81 54 129 / 35 34 227 35 76 227 / 0 3 125 171 47 134 / 
4 112 179 179 112 102 163 / 80 41 119 81 60 124 / 35 120 226 35 69 224 / 171 3 121 171 30 135 / 
4 110 102 169 111 105 158 / 81 14 116 81 58 133 / 35 72 228 35 78 227 / 169 15 105 169 75 118 / 
4 112 181 161 111 116 161 / 82 21 119 83 58 131 / 35 49 224 35 72 224 / 173 19 115 171 69 129 / 
4 111 48 171 110 103 157 / 80 123 121 81 54 130 / 35 2 225 35 80 224 / 169 2 123 169 58 124 / 
4 111 103 157 111 101 157 / 80 20 121 81 56 134 / 34 88 227 34 87 225 / 170 120 120 169 75 118 / 
4 112 171 172 111 115 164 / 80 47 117 81 62 129 / 34 2 227 34 83 225 / 170 50 131 170 80 126 / 
4 111 165 156 110 118 154 / 80 25 122 81 59 130 / 34 74 225 34 80 224 / 169 38 106 169 59 130 / 
4 112 107 171 111 113 153 / 80 49 117 81 58 129 / 34 96 226 34 87 226 / 172 96 110 172 81 116 / 
4 111 184 172 111 123 168 / 79 13 124 79 50 148 / 34 91 226 34 80 225 / 172 53 112 172 63 125 / 
4 111 153 142 110 117 153 / 80 102 125 80 65 130 / 34 90 224 34 81 224 / 172 28 123 172 60 123 / 
4 113 5 145 112 85 167 / 80 107 120 80 53 131 / 34 54 226 34 79 226 / 171 118 116 172 64 126 / 
4 111 5 163 111 99 169 / 79 114 126 80 60 140 / 34 55 227 34 75 224 / 173 35 115 173 47 129 / 
4 111 182 177 111 106 167 / 80 15 128 80 51 139 / 35 63 225 35 78 224 / 174 87 108 174 54 128 / 
4 112 113 166 112 100 159 / 83 13 121 84 47 140 / 34 124 226 34 78 224 / 174 83 105 174 60 124 / 
4 111 5 155 111 103 160 / 83 25 117 85 46 130 / 34 67 224 34 73 224 / 174 29 109 174 52 112 / 
4 113 4 157 112 105 165 / 80 9 126 82 59 133 / 35 63 230 35 80 226 / 171 22 121 172 69 132 / 
4 112 50 150 111 93 156 / 80 6 123 81 38 140 / 32 63 224 32 76 223 / 172 111 115 172 62 121 / 
4 111 127 153 111 86 152 / 80 14 123 81 48 136 / 33 65 224 33 69 223 / 172 22 114 173 49 130 / 
4 112 186 158 111 103 160 / 81 8 123 81 45 129 / 33 118 226 33 79 223 / 172 23 116 173 48 118 / 
4 111 79 151 112 96 158 / 80 20 122 81 50 139 / 33 71 225 33 74 223 / 172 83 103 173 56 120 / 
4 112 23 149 112 87 159 / 80 100 122 81 44 131 / 33 73 225 33 72 224 / 172 10 115 172 41 129 / 
4 111 7 148 111 89 159 / 81 24 121 81 42 130 / 33 125 226 33 79 224 / 173 56 104 173 45 122 / 
4 111 7 164 111 94 160 / 80 18 129 81 44 145 / 33 20 229 33 67 224 / 173 10 95 174 34 127 / 
4 111 177 169 111 118 165 / 80 5 127 82 44 131 / 33 67 226 34 77 224 / 172 14 95 170 30 110 / 
5 113 9 178 111 115 165 / 80 5 128 81 33 152 / 30 8 98 40 9 87 / 33 61 227 34 78 225 / 170 9 102 170 44 117 / 
4 112 171 168 111 98 163 / 80 21 125 81 39 139 / 33 94 223 33 80 225 / 175 57 98 167 43 110 / 
4 111 162 154 111 116 164 / 82 9 123 84 41 134 / 33 74 223 33 75 222 / 170 12 100 170 31 115 / 
5 111 5 163 112 69 160 / 80 3 129 81 54 135 / 30 11 57 30 13 61 / 33 65 224 33 78 225 / 170 5 123 170 48 131 / 
4 113 11 163 113 90 165 / 80 40 121 81 48 139 / 33 33 224 33 73 223 / 170 42 99 170 49 124 / 
5 112 5 158 112 82 163 / 80 38 121 81 43 129 / 30 9 88 30 9 85 / 33 23 224 33 70 223 / 171 17 107 171 48 129 / 
5 113 5 172 113 84 166 / 80 13 116 81 44 137 / 33 51 227 33 66 223 / 50 45 17 40 40 22 / 172 2 120 171 54 123 / 
5 112 160 158 112 95 159 / 80 39 116 81 43 121 / 30 8 89 30 9 87 / 34 117 223 34 69 223 / 172 2 115 171 50 124 / 
6 112 173 169 111 98 158 / 80 25 114 81 44 136 / 30 8 89 30 9 87 / 34 138 228 34 81 224 / 50 36 21 50 36 21 / 172 3 111 172 47 122 / 
5 111 127 158 110 99 157 / 81 74 105 81 44 124 / 30 11 67 30 13 65 / 33 122 224 33 77 223 / 172 2 110 172 39 134 / 
5 111 185 158 111 90 158 / 81 16 100 81 37 125 / 30 8 96 30 8 94 / 33 85 223 33 83 222 / 171 6 108 170 35 130 / 
5 111 179 160 111 108 158 / 30 11 69 30 12 67 / 80 82 100 81 43 109 / 34 67 229 33 85 224 / 171 8 112 170 42 126 / 
4 111 20 141 111 95 147 / 80 17 103 81 40 115 / 33 136 223 33 82 224 / 168 4 117 167 53 131 / 
4 111 9 148 111 82 156 / 81 17 110 82 40 113 / 34 125 224 34 74 224 / 168 13 126 166 58 130 / 
5 110 14 133 110 94 149 / 81 11 96 82 38 115 / 34 102 229 34 73 225 / 50 40 19 50 40 19 / 167 6 119 165 53 133 / 
4 110 67 150 110 96 146 / 81 3 110 82 41 114 / 35 123 227 35 75 226 / 167 11 114 164 44 147 / 
4 110 97 140 110 100 142 / 35 30 232 35 71 224 / 80 11 105 82 37 123 / 166 9 117 164 53 134 / 
4 112 181 150 111 104 148 / 35 116 227 35 76 227 / 83 17 102 83 38 119 / 165 8 191 162 30 155 / 
4 111 77 140 111 92 135 / 35 100 228 35 76 228 / 81 22 106 83 41 120 / 164 7 176 163 48 132 / 
4 111 171 135 111 104 138 / 35 72 229 35 77 228 / 82 20 109 85 38 123 / 164 31 104 164 45 141 / 
4 109 189 144 109 107 139 / 35 51 230 35 64 226 / 81 12 109 84 44 118 / 165 33 111 164 55 131 / 
5 109 187 137 109 117 141 / 35 108 232 35 66 226 / 83 12 106 85 37 122 / 30 45 17 30 35 22 / 163 56 99 163 51 137 / 
4 110 195 149 109 110 139 / 35 118 230 35 63 228 / 81 13 106 84 35 123 / 166 10 98 164 35 125 / 
5 109 20 134 110 104 134 / 35 37 230 35 63 229 / 79 17 103 81 53 113 / 40 45 17 40 45 18 / 172 25 113 171 40 141 / 
4 109 9 135 108 111 135 / 35 130 231 35 71 231 / 81 10 97 84 32 130 / 174 16 193 174 51 155 / 
4 111 4 127 111 102 137 / 35 53 234 35 67 232 / 83 12 103 85 31 116 / 171 29 102 172 43 145 / 
4 110 8 134 110 111 141 / 35 45 232 35 65 230 / 83 9 101 85 31 116 / 2 24 93 172 35 139 / 
4 109 205 118 109 123 131 / 34 82 232 34 72 232 / 81 2 100 81 37 111 / 171 10 127 171 54 139 / 
4 111 204 127 109 113 133 / 34 63 233 34 65 232 / 81 3 99 81 35 107 / 171 16 120 171 44 152 / 
4 111 200 143 110 119 134 / 34 13 237 34 64 234 / 80 12 88 83 29 109 / 173 25 107 172 47 132 / 
4 111 171 144 110 116 131 / 34 60 237 34 69 234 / 81 16 85 85 34 105 / 171 3 107 171 53 136 / 
4 110 103 131 110 122 128 / 34 58 236 34 70 234 / 85 59 91 86 30 107 / 172 29 105 172 44 132 / 
4 110 101 132 110 126 128 / 34 59 233 34 65 234 / 90 12 93 90 25 122 / 172 7 112 172 35 144 / 
4 109 50 120 109 117 125 / 34 31 241 34 71 235 / 90 12 87 90 21 112 / 171 3 113 171 36 146 / 
4 109 186 131 109 117 125 / 34 51 236 34 66 236 / 83 12 87 93 22 102 / 171 4 115 171 39 133 / 
4 109 201 129 109 113 131 / 34 14 234 34 64 236 / 93 12 85 93 23 103 / 171 38 101 170 46 132 / 
4 109 118 124 109 117 127 / 34 51 241 34 62 237 / 83 16 85 87 33 102 / 171 10 109 171 45 137 / 
4 110 209 131 110 115 128 / 34 54 238 34 63 237 / 83 15 82 86 37 102 / 169 53 101 169 51 125 / 
4 111 9 132 109 88 132 / 34 49 237 34 59 237 / 83 18 94 85 39 105 / 169 1 107 169 57 136 / 
4 110 4 128 109 113 128 / 35 67 243 35 74 239 / 81 14 90 81 34 107 / 170 13 126 169 51 142 / 
4 110 9 130 109 106 128 / 35 91 244 35 74 240 / 81 11 84 82 24 113 / 170 1 118 169 30 153 / 
4 110 12 126 109 111 127 / 35 55 235 35 64 238 / 81 10 85 81 29 94 / 169 12 108 171 51 140 / 
4 111 17 131 109 119 127 / 35 112 244 35 69 239 / 81 5 85 83 29 98 / 171 19 115 170 38 136 / 
4 111 14 127 110 112 128 / 35 63 238 35 63 238 / 81 4 84 83 29 98 / 170 7 117 169 31 150 / 
4 111 12 125 109 105 124 / 35 48 242 35 66 238 / 81 11 85 83 27 109 / 170 23 113 170 45 130 / 
4 110 3 118 109 103 124 / 35 73 242 35 68 239 / 80 3 85 83 27 108 / 169 6 110 166 27 133 / 
4 110 44 117 109 116 125 / 35 111 243 35 80 239 / 83 11 85 86 35 103 / 171 7 113 169 41 139 / 
4 111 203 136 111 117 126 / 35 56 243 35 61 238 / 83 19 82 85 32 104 / 169 12 123 167 55 132 / 
4 110 185 120 110 113 123 / 35 115 243 35 77 238 / 90 20 84 90 32 104 / 170 10 129 168 64 130 / 
4 110 7 118 110 99 126 / 35 109 239 35 68 236 / 90 19 82 92 31 106 / 173 10 122 167 33 137 / 
4 35 75 235 35 68 236 / 111 195 114 110 103 121 / 87 25 81 94 35 102 / 174 30 114 174 53 125 / 
3 35 115 236 35 69 236 / 111 185 127 110 109 130 / 98 20 79 90 31 101 / 
4 35 114 243 35 74 236 / 111 193 118 110 112 121 / 90 48 79 90 30 96 / 175 16 115 173 52 136 / 
4 35 58 238 35 69 236 / 111 7 133 110 126 126 / 90 42 78 92 32 98 / 174 17 119 173 65 122 / 
4 35 68 234 35 65 234 / 111 189 125 111 113 124 / 88 50 77 92 32 98 / 176 7 133 110 30 141 / 
